MODEL 25.028 25.028 25.028 90.0 90.0 90.0 1 
PROGR 86 50 coulom
ATOMS
Si       0.94709      0.12457      0.03509
Si       0.94648      0.03671      0.12309
O2       0.8901       0.0002       0.1054 
O2       0.9975       0.9959       0.1445 
O2       0.9679       0.073        0.068  
O2       0.9294       0.0772       0.1761 
Si       0.30291      0.12543      0.03509
Si       0.30352      0.21329      0.12309
O2       0.3599       0.2498       0.1054 
O2       0.2525       0.2541       0.1445 
O2       0.2821       0.177        0.068  
O2       0.3206       0.1728       0.1761 
Si       0.30291      0.12457      0.21491
Si       0.30352      0.03671      0.12691
O2       0.3599       0.0002       0.1446 
O2       0.2525       0.9959       0.1055 
O2       0.2821       0.073        0.182  
O2       0.3206       0.0772       0.0739 
Si       0.94709      0.12543      0.21491
Si       0.94648      0.21329      0.12691
O2       0.8901       0.2498       0.1446 
O2       0.9975       0.2541       0.1055 
O2       0.9679       0.177        0.182  
O2       0.9294       0.1728       0.0739 
Si       0.03509      0.94709      0.12457
Si       0.12309      0.94648      0.03671
O2       0.1054       0.8901       0.0002 
O2       0.1445       0.9975       0.9959 
O2       0.068        0.9679       0.073  
O2       0.1761       0.9294       0.0772 
Si       0.03509      0.30291      0.12543
Si       0.12309      0.30352      0.21329
O2       0.1054       0.3599       0.2498 
O2       0.1445       0.2525       0.2541 
O2       0.068        0.2821       0.177  
O2       0.1761       0.3206       0.1728 
Si       0.21491      0.30291      0.12457
Si       0.12691      0.30352      0.03671
O2       0.1446       0.3599       0.0002 
O2       0.1055       0.2525       0.9959 
O2       0.182        0.2821       0.073  
O2       0.0739       0.3206       0.0772 
Si       0.21491      0.94709      0.12543
Si       0.12691      0.94648      0.21329
O2       0.1446       0.8901       0.2498 
O2       0.1055       0.9975       0.2541 
O2       0.182        0.9679       0.177  
O2       0.0739       0.9294       0.1728 
Si       0.12457      0.03509      0.94709
Si       0.03671      0.12309      0.94648
O2       0.0002       0.1054       0.8901 
O2       0.9959       0.1445       0.9975 
O2       0.073        0.068        0.9679 
O2       0.0772       0.1761       0.9294 
Si       0.12543      0.03509      0.30291
Si       0.21329      0.12309      0.30352
O2       0.2498       0.1054       0.3599 
O2       0.2541       0.1445       0.2525 
O2       0.177        0.068        0.2821 
O2       0.1728       0.1761       0.3206 
Si       0.12457      0.21491      0.30291
Si       0.03671      0.12691      0.30352
O2       0.0002       0.1446       0.3599 
O2       0.9959       0.1055       0.2525 
O2       0.073        0.182        0.2821 
O2       0.0772       0.0739       0.3206 
Si       0.12543      0.21491      0.94709
Si       0.21329      0.12691      0.94648
O2       0.2498       0.1446       0.8901 
O2       0.2541       0.1055       0.9975 
O2       0.177        0.182        0.9679 
O2       0.1728       0.0739       0.9294 
Si       0.05291      0.87543      0.96491
Si       0.05352      0.96329      0.87691
O2       0.1099       0.9998       0.8946 
O2       0.0025       0.0041       0.8555 
O2       0.0321       0.927        0.932  
O2       0.0706       0.9228       0.8239 
Si       0.69709      0.87457      0.96491
Si       0.69648      0.78671      0.87691
O2       0.6401       0.7502       0.8946 
O2       0.7475       0.7459       0.8555 
O2       0.7179       0.823        0.932  
O2       0.6794       0.8272       0.8239 
Si       0.69709      0.87543      0.78509
Si       0.69648      0.96329      0.87309
O2       0.6401       0.9998       0.8554 
O2       0.7475       0.0041       0.8945 
O2       0.7179       0.927        0.818  
O2       0.6794       0.9228       0.9261 
Si       0.05291      0.87457      0.78509
Si       0.05352      0.78671      0.87309
O2       0.1099       0.7502       0.8554 
O2       0.0025       0.7459       0.8945 
O2       0.0321       0.823        0.818  
O2       0.0706       0.8272       0.9261 
Si       0.96491      0.05291      0.87543
Si       0.87691      0.05352      0.96329
O2       0.8946       0.1099       0.9998 
O2       0.8555       0.0025       0.0041 
O2       0.932        0.0321       0.927  
O2       0.8239       0.0706       0.9228 
Si       0.96491      0.69709      0.87457
Si       0.87691      0.69648      0.78671
O2       0.8946       0.6401       0.7502 
O2       0.8555       0.7475       0.7459 
O2       0.932        0.7179       0.823  
O2       0.8239       0.6794       0.8272 
Si       0.78509      0.69709      0.87543
Si       0.87309      0.69648      0.96329
O2       0.8554       0.6401       0.9998 
O2       0.8945       0.7475       0.0041 
O2       0.818        0.7179       0.927  
O2       0.9261       0.6794       0.9228 
Si       0.78509      0.05291      0.87457
Si       0.87309      0.05352      0.78671
O2       0.8554       0.1099       0.7502 
O2       0.8945       0.0025       0.7459 
O2       0.818        0.0321       0.823  
O2       0.9261       0.0706       0.8272 
Si       0.87543      0.96491      0.05291
Si       0.96329      0.87691      0.05352
O2       0.9998       0.8946       0.1099 
O2       0.0041       0.8555       0.0025 
O2       0.927        0.932        0.0321 
O2       0.9228       0.8239       0.0706 
Si       0.87457      0.96491      0.69709
Si       0.78671      0.87691      0.69648
O2       0.7502       0.8946       0.6401 
O2       0.7459       0.8555       0.7475 
O2       0.823        0.932        0.7179 
O2       0.8272       0.8239       0.6794 
Si       0.87543      0.78509      0.69709
Si       0.96329      0.87309      0.69648
O2       0.9998       0.8554       0.6401 
O2       0.0041       0.8945       0.7475 
O2       0.927        0.818        0.7179 
O2       0.9228       0.9261       0.6794 
Si       0.87457      0.78509      0.05291
Si       0.78671      0.87309      0.05352
O2       0.7502       0.8554       0.1099 
O2       0.7459       0.8945       0.0025 
O2       0.823        0.818        0.0321 
O2       0.8272       0.9261       0.0706 
Si       0.94709      0.62457      0.53509
Si       0.94648      0.53671      0.62309
O2       0.8901       0.5002       0.6054 
O2       0.9975       0.4959       0.6445 
O2       0.9679       0.573        0.568  
O2       0.9294       0.5772       0.6761 
Si       0.30291      0.62543      0.53509
Si       0.30352      0.71329      0.62309
O2       0.3599       0.7498       0.6054 
O2       0.2525       0.7541       0.6445 
O2       0.2821       0.677        0.568  
O2       0.3206       0.6728       0.6761 
Si       0.30291      0.62457      0.71491
Si       0.30352      0.53671      0.62691
O2       0.3599       0.5002       0.6446 
O2       0.2525       0.4959       0.6055 
O2       0.2821       0.573        0.682  
O2       0.3206       0.5772       0.5739 
Si       0.94709      0.62543      0.71491
Si       0.94648      0.71329      0.62691
O2       0.8901       0.7498       0.6446 
O2       0.9975       0.7541       0.6055 
O2       0.9679       0.677        0.682  
O2       0.9294       0.6728       0.5739 
Si       0.03509      0.44709      0.62457
Si       0.12309      0.44648      0.53671
O2       0.1054       0.3901       0.5002 
O2       0.1445       0.4975       0.4959 
O2       0.068        0.4679       0.573  
O2       0.1761       0.4294       0.5772 
Si       0.03509      0.80291      0.62543
Si       0.12309      0.80352      0.71329
O2       0.1054       0.8599       0.7498 
O2       0.1445       0.7525       0.7541 
O2       0.068        0.7821       0.677  
O2       0.1761       0.8206       0.6728 
Si       0.21491      0.80291      0.62457
Si       0.12691      0.80352      0.53671
O2       0.1446       0.8599       0.5002 
O2       0.1055       0.7525       0.4959 
O2       0.182        0.7821       0.573  
O2       0.0739       0.8206       0.5772 
Si       0.21491      0.44709      0.62543
Si       0.12691      0.44648      0.71329
O2       0.1446       0.3901       0.7498 
O2       0.1055       0.4975       0.7541 
O2       0.182        0.4679       0.677  
O2       0.0739       0.4294       0.6728 
Si       0.12457      0.53509      0.44709
Si       0.03671      0.62309      0.44648
O2       0.0002       0.6054       0.3901 
O2       0.9959       0.6445       0.4975 
O2       0.073        0.568        0.4679 
O2       0.0772       0.6761       0.4294 
Si       0.12543      0.53509      0.80291
Si       0.21329      0.62309      0.80352
O2       0.2498       0.6054       0.8599 
O2       0.2541       0.6445       0.7525 
O2       0.177        0.568        0.7821 
O2       0.1728       0.6761       0.8206 
Si       0.12457      0.71491      0.80291
Si       0.03671      0.62691      0.80352
O2       0.0002       0.6446       0.8599 
O2       0.9959       0.6055       0.7525 
O2       0.073        0.682        0.7821 
O2       0.0772       0.5739       0.8206 
Si       0.12543      0.71491      0.44709
Si       0.21329      0.62691      0.44648
O2       0.2498       0.6446       0.3901 
O2       0.2541       0.6055       0.4975 
O2       0.177        0.682        0.4679 
O2       0.1728       0.5739       0.4294 
Si       0.05291      0.37543      0.46491
Si       0.05352      0.46329      0.37691
O2       0.1099       0.4998       0.3946 
O2       0.0025       0.5041       0.3555 
O2       0.0321       0.427        0.432  
O2       0.0706       0.4228       0.3239 
Si       0.69709      0.37457      0.46491
Si       0.69648      0.28671      0.37691
O2       0.6401       0.2502       0.3946 
O2       0.7475       0.2459       0.3555 
O2       0.7179       0.323        0.432  
O2       0.6794       0.3272       0.3239 
Si       0.69709      0.37543      0.28509
Si       0.69648      0.46329      0.37309
O2       0.6401       0.4998       0.3554 
O2       0.7475       0.5041       0.3945 
O2       0.7179       0.427        0.318  
O2       0.6794       0.4228       0.4261 
Si       0.05291      0.37457      0.28509
Si       0.05352      0.28671      0.37309
O2       0.1099       0.2502       0.3554 
O2       0.0025       0.2459       0.3945 
O2       0.0321       0.323        0.318  
O2       0.0706       0.3272       0.4261 
Si       0.96491      0.55291      0.37543
Si       0.87691      0.55352      0.46329
O2       0.8946       0.6099       0.4998 
O2       0.8555       0.5025       0.5041 
O2       0.932        0.5321       0.427  
O2       0.8239       0.5706       0.4228 
Si       0.96491      0.19709      0.37457
Si       0.87691      0.19648      0.28671
O2       0.8946       0.1401       0.2502 
O2       0.8555       0.2475       0.2459 
O2       0.932        0.2179       0.323  
O2       0.8239       0.1794       0.3272 
Si       0.78509      0.19709      0.37543
Si       0.87309      0.19648      0.46329
O2       0.8554       0.1401       0.4998 
O2       0.8945       0.2475       0.5041 
O2       0.818        0.2179       0.427  
O2       0.9261       0.1794       0.4228 
Si       0.78509      0.55291      0.37457
Si       0.87309      0.55352      0.28671
O2       0.8554       0.6099       0.2502 
O2       0.8945       0.5025       0.2459 
O2       0.818        0.5321       0.323  
O2       0.9261       0.5706       0.3272 
Si       0.87543      0.46491      0.55291
Si       0.96329      0.37691      0.55352
O2       0.9998       0.3946       0.6099 
O2       0.0041       0.3555       0.5025 
O2       0.927        0.432        0.5321 
O2       0.9228       0.3239       0.5706 
Si       0.87457      0.46491      0.19709
Si       0.78671      0.37691      0.19648
O2       0.7502       0.3946       0.1401 
O2       0.7459       0.3555       0.2475 
O2       0.823        0.432        0.2179 
O2       0.8272       0.3239       0.1794 
Si       0.87543      0.28509      0.19709
Si       0.96329      0.37309      0.19648
O2       0.9998       0.3554       0.1401 
O2       0.0041       0.3945       0.2475 
O2       0.927        0.318        0.2179 
O2       0.9228       0.4261       0.1794 
Si       0.87457      0.28509      0.55291
Si       0.78671      0.37309      0.55352
O2       0.7502       0.3554       0.6099 
O2       0.7459       0.3945       0.5025 
O2       0.823        0.318        0.5321 
O2       0.8272       0.4261       0.5706 
Si       0.44709      0.12457      0.53509
Si       0.44648      0.03671      0.62309
O2       0.3901       0.0002       0.6054 
O2       0.4975       0.9959       0.6445 
O2       0.4679       0.073        0.568  
O2       0.4294       0.0772       0.6761 
Si       0.80291      0.12543      0.53509
Si       0.80352      0.21329      0.62309
O2       0.8599       0.2498       0.6054 
O2       0.7525       0.2541       0.6445 
O2       0.7821       0.177        0.568  
O2       0.8206       0.1728       0.6761 
Si       0.80291      0.12457      0.71491
Si       0.80352      0.03671      0.62691
O2       0.8599       0.0002       0.6446 
O2       0.7525       0.9959       0.6055 
O2       0.7821       0.073        0.682  
O2       0.8206       0.0772       0.5739 
Si       0.44709      0.12543      0.71491
Si       0.44648      0.21329      0.62691
O2       0.3901       0.2498       0.6446 
O2       0.4975       0.2541       0.6055 
O2       0.4679       0.177        0.682  
O2       0.4294       0.1728       0.5739 
Si       0.53509      0.94709      0.62457
Si       0.62309      0.94648      0.53671
O2       0.6054       0.8901       0.5002 
O2       0.6445       0.9975       0.4959 
O2       0.568        0.9679       0.573  
O2       0.6761       0.9294       0.5772 
Si       0.53509      0.30291      0.62543
Si       0.62309      0.30352      0.71329
O2       0.6054       0.3599       0.7498 
O2       0.6445       0.2525       0.7541 
O2       0.568        0.2821       0.677  
O2       0.6761       0.3206       0.6728 
Si       0.71491      0.30291      0.62457
Si       0.62691      0.30352      0.53671
O2       0.6446       0.3599       0.5002 
O2       0.6055       0.2525       0.4959 
O2       0.682        0.2821       0.573  
O2       0.5739       0.3206       0.5772 
Si       0.71491      0.94709      0.62543
Si       0.62691      0.94648      0.71329
O2       0.6446       0.8901       0.7498 
O2       0.6055       0.9975       0.7541 
O2       0.682        0.9679       0.677  
O2       0.5739       0.9294       0.6728 
Si       0.62457      0.03509      0.44709
Si       0.53671      0.12309      0.44648
O2       0.5002       0.1054       0.3901 
O2       0.4959       0.1445       0.4975 
O2       0.573        0.068        0.4679 
O2       0.5772       0.1761       0.4294 
Si       0.62543      0.03509      0.80291
Si       0.71329      0.12309      0.80352
O2       0.7498       0.1054       0.8599 
O2       0.7541       0.1445       0.7525 
O2       0.677        0.068        0.7821 
O2       0.6728       0.1761       0.8206 
Si       0.62457      0.21491      0.80291
Si       0.53671      0.12691      0.80352
O2       0.5002       0.1446       0.8599 
O2       0.4959       0.1055       0.7525 
O2       0.573        0.182        0.7821 
O2       0.5772       0.0739       0.8206 
Si       0.62543      0.21491      0.44709
Si       0.71329      0.12691      0.44648
O2       0.7498       0.1446       0.3901 
O2       0.7541       0.1055       0.4975 
O2       0.677        0.182        0.4679 
O2       0.6728       0.0739       0.4294 
Si       0.55291      0.87543      0.46491
Si       0.55352      0.96329      0.37691
O2       0.6099       0.9998       0.3946 
O2       0.5025       0.0041       0.3555 
O2       0.5321       0.927        0.432  
O2       0.5706       0.9228       0.3239 
Si       0.19709      0.87457      0.46491
Si       0.19648      0.78671      0.37691
O2       0.1401       0.7502       0.3946 
O2       0.2475       0.7459       0.3555 
O2       0.2179       0.823        0.432  
O2       0.1794       0.8272       0.3239 
Si       0.19709      0.87543      0.28509
Si       0.19648      0.96329      0.37309
O2       0.1401       0.9998       0.3554 
O2       0.2475       0.0041       0.3945 
O2       0.2179       0.927        0.318  
O2       0.1794       0.9228       0.4261 
Si       0.55291      0.87457      0.28509
Si       0.55352      0.78671      0.37309
O2       0.6099       0.7502       0.3554 
O2       0.5025       0.7459       0.3945 
O2       0.5321       0.823        0.318  
O2       0.5706       0.8272       0.4261 
Si       0.46491      0.05291      0.37543
Si       0.37691      0.05352      0.46329
O2       0.3946       0.1099       0.4998 
O2       0.3555       0.0025       0.5041 
O2       0.432        0.0321       0.427  
O2       0.3239       0.0706       0.4228 
Si       0.46491      0.69709      0.37457
Si       0.37691      0.69648      0.28671
O2       0.3946       0.6401       0.2502 
O2       0.3555       0.7475       0.2459 
O2       0.432        0.7179       0.323  
O2       0.3239       0.6794       0.3272 
Si       0.28509      0.69709      0.37543
Si       0.37309      0.69648      0.46329
O2       0.3554       0.6401       0.4998 
O2       0.3945       0.7475       0.5041 
O2       0.318        0.7179       0.427  
O2       0.4261       0.6794       0.4228 
Si       0.28509      0.05291      0.37457
Si       0.37309      0.05352      0.28671
O2       0.3554       0.1099       0.2502 
O2       0.3945       0.0025       0.2459 
O2       0.318        0.0321       0.323  
O2       0.4261       0.0706       0.3272 
Si       0.37543      0.96491      0.55291
Si       0.46329      0.87691      0.55352
O2       0.4998       0.8946       0.6099 
O2       0.5041       0.8555       0.5025 
O2       0.427        0.932        0.5321 
O2       0.4228       0.8239       0.5706 
Si       0.37457      0.96491      0.19709
Si       0.28671      0.87691      0.19648
O2       0.2502       0.8946       0.1401 
O2       0.2459       0.8555       0.2475 
O2       0.323        0.932        0.2179 
O2       0.3272       0.8239       0.1794 
Si       0.37543      0.78509      0.19709
Si       0.46329      0.87309      0.19648
O2       0.4998       0.8554       0.1401 
O2       0.5041       0.8945       0.2475 
O2       0.427        0.818        0.2179 
O2       0.4228       0.9261       0.1794 
Si       0.37457      0.78509      0.55291
Si       0.28671      0.87309      0.55352
O2       0.2502       0.8554       0.6099 
O2       0.2459       0.8945       0.5025 
O2       0.323        0.818        0.5321 
O2       0.3272       0.9261       0.5706 
Si       0.44709      0.62457      0.03509
Si       0.44648      0.53671      0.12309
O2       0.3901       0.5002       0.1054 
O2       0.4975       0.4959       0.1445 
O2       0.4679       0.573        0.068  
O2       0.4294       0.5772       0.1761 
Si       0.80291      0.62543      0.03509
Si       0.80352      0.71329      0.12309
O2       0.8599       0.7498       0.1054 
O2       0.7525       0.7541       0.1445 
O2       0.7821       0.677        0.068  
O2       0.8206       0.6728       0.1761 
Si       0.80291      0.62457      0.21491
Si       0.80352      0.53671      0.12691
O2       0.8599       0.5002       0.1446 
O2       0.7525       0.4959       0.1055 
O2       0.7821       0.573        0.182  
O2       0.8206       0.5772       0.0739 
Si       0.44709      0.62543      0.21491
Si       0.44648      0.71329      0.12691
O2       0.3901       0.7498       0.1446 
O2       0.4975       0.7541       0.1055 
O2       0.4679       0.677        0.182  
O2       0.4294       0.6728       0.0739 
Si       0.53509      0.44709      0.12457
Si       0.62309      0.44648      0.03671
O2       0.6054       0.3901       0.0002 
O2       0.6445       0.4975       0.9959 
O2       0.568        0.4679       0.073  
O2       0.6761       0.4294       0.0772 
Si       0.53509      0.80291      0.12543
Si       0.62309      0.80352      0.21329
O2       0.6054       0.8599       0.2498 
O2       0.6445       0.7525       0.2541 
O2       0.568        0.7821       0.177  
O2       0.6761       0.8206       0.1728 
Si       0.71491      0.80291      0.12457
Si       0.62691      0.80352      0.03671
O2       0.6446       0.8599       0.0002 
O2       0.6055       0.7525       0.9959 
O2       0.682        0.7821       0.073  
O2       0.5739       0.8206       0.0772 
Si       0.71491      0.44709      0.12543
Si       0.62691      0.44648      0.21329
O2       0.6446       0.3901       0.2498 
O2       0.6055       0.4975       0.2541 
O2       0.682        0.4679       0.177  
O2       0.5739       0.4294       0.1728 
Si       0.62457      0.53509      0.94709
Si       0.53671      0.62309      0.94648
O2       0.5002       0.6054       0.8901 
O2       0.4959       0.6445       0.9975 
O2       0.573        0.568        0.9679 
O2       0.5772       0.6761       0.9294 
Si       0.62543      0.53509      0.30291
Si       0.71329      0.62309      0.30352
O2       0.7498       0.6054       0.3599 
O2       0.7541       0.6445       0.2525 
O2       0.677        0.568        0.2821 
O2       0.6728       0.6761       0.3206 
Si       0.62457      0.71491      0.30291
Si       0.53671      0.62691      0.30352
O2       0.5002       0.6446       0.3599 
O2       0.4959       0.6055       0.2525 
O2       0.573        0.682        0.2821 
O2       0.5772       0.5739       0.3206 
Si       0.62543      0.71491      0.94709
Si       0.71329      0.62691      0.94648
O2       0.7498       0.6446       0.8901 
O2       0.7541       0.6055       0.9975 
O2       0.677        0.682        0.9679 
O2       0.6728       0.5739       0.9294 
Si       0.55291      0.37543      0.96491
Si       0.55352      0.46329      0.87691
O2       0.6099       0.4998       0.8946 
O2       0.5025       0.5041       0.8555 
O2       0.5321       0.427        0.932  
O2       0.5706       0.4228       0.8239 
Si       0.19709      0.37457      0.96491
Si       0.19648      0.28671      0.87691
O2       0.1401       0.2502       0.8946 
O2       0.2475       0.2459       0.8555 
O2       0.2179       0.323        0.932  
O2       0.1794       0.3272       0.8239 
Si       0.19709      0.37543      0.78509
Si       0.19648      0.46329      0.87309
O2       0.1401       0.4998       0.8554 
O2       0.2475       0.5041       0.8945 
O2       0.2179       0.427        0.818  
O2       0.1794       0.4228       0.9261 
Si       0.55291      0.37457      0.78509
Si       0.55352      0.28671      0.87309
O2       0.6099       0.2502       0.8554 
O2       0.5025       0.2459       0.8945 
O2       0.5321       0.323        0.818  
O2       0.5706       0.3272       0.9261 
Si       0.46491      0.55291      0.87543
Si       0.37691      0.55352      0.96329
O2       0.3946       0.6099       0.9998 
O2       0.3555       0.5025       0.0041 
O2       0.432        0.5321       0.927  
O2       0.3239       0.5706       0.9228 
Si       0.46491      0.19709      0.87457
Si       0.37691      0.19648      0.78671
O2       0.3946       0.1401       0.7502 
O2       0.3555       0.2475       0.7459 
O2       0.432        0.2179       0.823  
O2       0.3239       0.1794       0.8272 
Si       0.28509      0.19709      0.87543
Si       0.37309      0.19648      0.96329
O2       0.3554       0.1401       0.9998 
O2       0.3945       0.2475       0.0041 
O2       0.318        0.2179       0.927  
O2       0.4261       0.1794       0.9228 
Si       0.28509      0.55291      0.87457
Si       0.37309      0.55352      0.78671
O2       0.3554       0.6099       0.7502 
O2       0.3945       0.5025       0.7459 
O2       0.318        0.5321       0.823  
O2       0.4261       0.5706       0.8272 
Si       0.37543      0.46491      0.05291
Si       0.46329      0.37691      0.05352
O2       0.4998       0.3946       0.1099 
O2       0.5041       0.3555       0.0025 
O2       0.427        0.432        0.0321 
O2       0.4228       0.3239       0.0706 
Si       0.37457      0.46491      0.69709
Si       0.28671      0.37691      0.69648
O2       0.2502       0.3946       0.6401 
O2       0.2459       0.3555       0.7475 
O2       0.323        0.432        0.7179 
O2       0.3272       0.3239       0.6794 
Si       0.37543      0.28509      0.69709
Si       0.46329      0.37309      0.69648
O2       0.4998       0.3554       0.6401 
O2       0.5041       0.3945       0.7475 
O2       0.427        0.318        0.7179 
O2       0.4228       0.4261       0.6794 
Si       0.37457      0.28509      0.05291
Si       0.28671      0.37309      0.05352
O2       0.2502       0.3554       0.1099 
O2       0.2459       0.3945       0.0025 
O2       0.323        0.318        0.0321 
O2       0.3272       0.4261       0.0706 
