Random Seed:  1557318271
Number of atoms:   576
Space Group:    1
Cell:
    25.0279999    25.0279999    25.0279999    90.0000000    90.0000000    90.0000000
Box:
    25.0279999     0.0000000     0.0000000
     0.0000000    25.0279999     0.0000000
     0.0000000     0.0000000    25.0279999
----------------------------------------
Inverse Box:
     0.0399553     0.0000000     0.0000000
     0.0000000     0.0399553     0.0000000
     0.0000000     0.0000000     0.0399553
----------------------------------------
[loops] Connectivity between nodes [Degree]:
442222442222442222442222442222442222442222442222442222442222442222442222442222442222442222442222442222442222442222442222442222442222442222442222442222442222442222442222442222442222442222442222442222442222442222442222442222442222442222442222442222442222442222442222442222442222442222442222442222442222442222442222442222442222442222442222442222442222442222442222442222442222442222442222442222442222442222442222442222442222442222442222442222442222442222442222442222442222442222442222442222442222442222442222442222442222442222442222442222442222442222442222442222442222442222442222
Repulsive substitution with cost-function:
cost = 1/(s - p0),  p0 = 3.40 10^-10 m, if s >= p0
cost =   10000000.000 if s <  p0
     Crystalographic positions                  Cost     Label
      0.623090       0.803520       0.213290        0.00000
      0.552910       0.875430       0.464910            NaN 361 Al
      0.126910       0.303520       0.036710        0.35017  38 Al
      0.123090       0.446480       0.536710        0.43849 170 Al
      0.623090       0.303520       0.713290        0.37215 320 Al
      0.053520       0.786710       0.873090        0.33887  92 Al
      0.697090       0.375430       0.285090        0.31707 229 Al
      0.196480       0.963290       0.373090        0.30700 374 Al
      0.697090       0.875430       0.785090        0.29673  85 Al
      0.463290       0.376910       0.053520        0.28678 554 Al
      0.946480       0.036710       0.123090        0.36252   2 Al
      0.302910       0.624570       0.714910        0.35488 157 Al
      0.874570       0.285090       0.552910        0.34930 283 Al
      0.802910       0.625430       0.035090        0.34027 439 Al
      0.376910       0.196480       0.786710        0.33390 536 Al
      0.285090       0.697090       0.375430        0.33433 397 Al
      0.946480       0.713290       0.626910        0.33017 164 Al
      0.303520       0.036710       0.126910        0.32424  14 Al
      0.447090       0.124570       0.535090        0.32455 289 Al
      0.447090       0.624570       0.035090        0.32047 433 Al
      0.873090       0.053520       0.786710        0.32382 116 Al
      0.052910       0.374570       0.285090        0.31951 235 Al
      0.785090       0.552910       0.374570        0.32051 259 Al
      0.713290       0.126910       0.446480        0.31709 356 Al
      0.196480       0.463290       0.873090        0.31394 518 Al
      0.124570       0.035090       0.947090        0.32570  49 Al
      0.214910       0.802910       0.624570        0.32528 181 Al
      0.786710       0.873090       0.053520        0.32234 140 Al
      0.553520       0.463290       0.876910        0.31902 506 Al
      0.536710       0.626910       0.303520        0.32047 494 Al
      0.036710       0.126910       0.303520        0.31962  62 Al
      0.036710       0.623090       0.446480        0.31869 194 Al
      0.375430       0.785090       0.197090        0.31715 421 Al
      0.286710       0.376910       0.696480        0.31671 560 Al
      0.875430       0.285090       0.197090        0.31761 277 Al
      0.625430       0.035090       0.802910        0.31690 343 Al
      0.625430       0.714910       0.947090        0.31542 499 Al
      0.373090       0.053520       0.286710        0.31454 404 Al
      0.875430       0.464910       0.552910        0.31484 265 Al
      0.373090       0.196480       0.963290        0.31339 542 Al
      0.876910       0.696480       0.786710        0.32223 104 Al
      0.803520       0.036710       0.626910        0.32084 302 Al
      0.375430       0.964910       0.552910        0.31904 409 Al
      0.714910       0.447090       0.125430        0.31749 475 Al
      0.626910       0.303520       0.536710        0.31724 326 Al
      0.126910       0.946480       0.213290        0.31602  44 Al
      0.963290       0.873090       0.696480        0.31557 134 Al
      0.302910       0.625430       0.535090        0.31441 151 Al
      0.286710       0.373090       0.053520        0.31379 572 Al
      0.802910       0.624570       0.214910   600000.12500 445 Al
      0.876910       0.053520       0.963290   588235.50000  98 Al
      0.036710       0.626910       0.803520   576923.18750 206 Al
      0.535090       0.947090       0.624570   566037.87500 313 Al
      0.463290       0.373090       0.696480   555555.68750 566 Al
      0.963290       0.876910       0.053520   545454.68750 122 Al
      0.196480       0.286710       0.876910   535714.43750 512 Al
      0.553520       0.286710       0.873090   526315.87500 524 Al
      0.213290       0.123090       0.303520   517241.59375  56 Al
      0.374570       0.785090       0.552910   508474.75000 427 Al
      0.874570       0.464910       0.197090   500000.21875 271 Al
      0.126910       0.446480       0.713290   491803.46875 188 Al
      0.303520       0.213290       0.123090   483871.15625   8 Al
      0.553520       0.963290       0.376910   634920.81250 362 Al
      0.052910       0.375430       0.464910   630120.43750 217 Al
      0.535090       0.802910       0.125430   625305.37500 463 Al
      0.373090       0.553520       0.786710   620483.81250 548 Al
      0.035090       0.302910       0.125430   615663.12500  31 Al
      0.873090       0.196480       0.463290   610849.56250 254 Al
      0.197090       0.874570       0.464910   606049.06250 367 Al
      0.535090       0.447090       0.124570   601266.62500 457 Al
      0.873090       0.696480       0.963290   596506.62500 110 Al
      0.786710       0.876910       0.696480   591772.87500 128 Al
      0.696480       0.286710       0.376910   587068.87500 224 Al
      0.803520       0.213290       0.623090   582397.50000 296 Al
      0.447090       0.125430       0.714910   577761.31250 307 Al
      0.036710       0.123090       0.946480   573162.68750  50 Al
      0.553520       0.786710       0.373090   568603.37500 380 Al
      0.123090       0.946480       0.036710   564085.06250  26 Al
      0.123090       0.803520       0.713290   559609.25000 176 Al
      0.624570       0.535090       0.947090   555176.87500 481 Al
      0.213290       0.623090       0.803520   550789.18750 200 Al
      0.125430       0.714910       0.447090   546446.87500 211 Al
      0.697090       0.874570       0.964910   542150.56250  79 Al
      0.625430       0.535090       0.302910   537900.75000 487 Al
      0.876910       0.196480       0.286710   533697.87500 248 Al
      0.376910       0.553520       0.963290   529542.06250 530 Al
==============================================
MonteCarlo: Metropolis with identity changes
Si > Al, Al > Si. STOP when occurrence <    0.00000
==============================================
Cost_function     Occurrence %     Scan-Cost
    51983.6055        0.000072  51982.796875
    43775.6719        0.000066  43775.281250
    38303.7148        0.000039  38302.914062
    30095.7773        0.000036  30095.066406
    24623.8223        0.000015  24623.310547
    24623.8223        0.000003  24623.080078
    21887.8438        0.000012  21887.736328
    21887.8438        0.000018  21887.318359
    21887.8438        0.000006  21887.078125
    19151.8672        0.000015  19151.558594
    19151.8672        0.000003  19151.544922
    19151.8672        0.000003  19151.373047
    19151.8672        0.000012  19151.519531
    19151.8672        0.000003  19151.544922
    19151.8672        0.000006  19151.656250
    19151.8672        0.000021  19151.341797
    19151.8672        0.000024  19151.830078
    19151.8672        0.000012  19151.525391
    19151.8672        0.000000  19150.988281
    16415.8887        0.000015  16415.394531
    16415.8887        0.000003  16415.226562
    16415.8887        0.000012  16415.806641
    16415.8887        0.000000  16415.515625
    16415.8887        0.000003  16415.283203
    16415.8887        0.000000  16415.187500
    16415.8887        0.000015  16415.705078
    16415.8887        0.000006  16415.035156
    16415.8887        0.000003  16415.402344
    16415.8887        0.000000  16415.431641
    16415.8887        0.000006  16415.619141
    16415.8887        0.000009  16415.216797
    16415.8887        0.000012  16415.675781
    16415.8887        0.000009  16415.666016
    16415.8887        0.000003  16415.388672
    16415.8887        0.000000  16415.535156
    16415.8887        0.000015  16415.388672
    16415.8867        0.000009  16415.437500
    16415.8867        0.000000  16414.900391
    16415.8867        0.000003  16415.628906
    16415.8867        0.000009  16415.710938
    16415.8867        0.000000  16415.253906
    16415.8867        0.000000  16415.871094
    16415.8867        0.000009  16415.019531
    16415.8867        0.000006  16415.386719
    16415.8867        0.000006  16415.029297
    16415.8867        0.000006  16415.160156
    16415.8867        0.000003  16415.664062
    16415.8848        0.000012  16415.804688
    16415.8848        0.000012  16415.529297
    16415.8848        0.000003  16415.351562
    16415.8848        0.000006  16415.121094
==============================================
geometrical properties of  86 Al:
 distancia media y dispersion
   12.1447783       3.48375535    
 distancia minima media y dispersion
   4.22078848      0.426808089    
 STOP   12.1447783       4.22078848       16415.8848    
