Random Seed:  1216826075
Number of atoms:   576
Space Group:    1
Cell:
    25.0279999    25.0279999    25.0279999    90.0000000    90.0000000    90.0000000
Box:
    25.0279999     0.0000000     0.0000000
     0.0000000    25.0279999     0.0000000
     0.0000000     0.0000000    25.0279999
----------------------------------------
Inverse Box:
     0.0399553     0.0000000     0.0000000
     0.0000000     0.0399553     0.0000000
     0.0000000     0.0000000     0.0399553
----------------------------------------
[loops] Connectivity between nodes [Degree]:
442222442222442222442222442222442222442222442222442222442222442222442222442222442222442222442222442222442222442222442222442222442222442222442222442222442222442222442222442222442222442222442222442222442222442222442222442222442222442222442222442222442222442222442222442222442222442222442222442222442222442222442222442222442222442222442222442222442222442222442222442222442222442222442222442222442222442222442222442222442222442222442222442222442222442222442222442222442222442222442222442222442222442222442222442222442222442222442222442222442222442222442222442222442222442222442222
Repulsive substitution with cost-function:
cost = 1/(s - p0),  p0 = 3.40 10^-10 m, if s >= p0
cost =   10000000.000 if s <  p0
     Crystalographic positions                  Cost     Label
      0.303520       0.536710       0.626910        0.00000
      0.052910       0.875430       0.964910            NaN  73 Al
      0.624570       0.035090       0.447090        0.17189 337 Al
      0.714910       0.447090       0.125430        0.16115 475 Al
      0.214910       0.302910       0.124570        0.17460  37 Al
      0.875430       0.464910       0.552910  1666666.87500 265 Al
      0.696480       0.963290       0.873090  1428571.50000  86 Al
      0.196480       0.963290       0.373090  1250000.12500 374 Al
      0.446480       0.713290       0.126910  1111111.25000 452 Al
      0.376910       0.196480       0.786710  1000000.18750 536 Al
      0.035090       0.802910       0.625430   909091.12500 175 Al
      0.876910       0.196480       0.286710   833333.50000 248 Al
      0.553520       0.463290       0.876910   769230.93750 506 Al
      0.803520       0.713290       0.123090   714285.81250 440 Al
      0.803520       0.213290       0.623090   666666.81250 296 Al
      0.374570       0.785090       0.552910   625000.12500 427 Al
      0.303520       0.036710       0.126910   588235.43750  14 Al
      0.196480       0.463290       0.873090   555555.68750 518 Al
      0.053520       0.463290       0.376910   526315.93750 218 Al
      0.876910       0.696480       0.786710   500000.18750 104 Al
      0.947090       0.124570       0.035090   476190.65625   1 Al
      0.553520       0.786710       0.373090   454545.65625 380 Al
      0.535090       0.302910       0.625430   434782.78125 319 Al
      0.696480       0.463290       0.373090   416666.84375 230 Al
      0.446480       0.036710       0.623090   400000.18750 290 Al
      0.874570       0.964910       0.697090   384615.56250 127 Al
      0.375430       0.464910       0.052910   370370.56250 553 Al
      0.285090       0.697090       0.375430   714285.87500 397 Al
      0.625430       0.714910       0.947090   689655.37500 499 Al
      0.124570       0.214910       0.302910   666666.87500  61 Al
      0.213290       0.126910       0.946480   645161.43750  68 Al
      0.124570       0.714910       0.802910   625000.12500 205 Al
      0.624570       0.214910       0.802910   606060.75000 349 Al
      0.873090       0.553520       0.286710   588235.43750 260 Al
      0.464910       0.052910       0.375430   571428.68750 385 Al
      0.035090       0.447090       0.624570   555555.68750 169 Al
      0.035090       0.947090       0.124570   540540.68750  25 Al
      0.963290       0.373090       0.196480   526315.93750 278 Al
      0.714910       0.947090       0.625430   512820.68750 331 Al
      0.536710       0.626910       0.303520   500000.18750 494 Al
      0.373090       0.553520       0.786710   487805.06250 548 Al
      0.786710       0.873090       0.053520   476190.65625 140 Al
      0.125430       0.714910       0.447090   465116.46875 211 Al
      0.696480       0.286710       0.376910   454545.65625 224 Al
      0.964910       0.052910       0.875430   444444.62500  97 Al
      0.463290       0.873090       0.196480   434782.78125 422 Al
      0.286710       0.376910       0.696480   425532.09375 560 Al
      0.374570       0.285090       0.052910   416666.84375 571 Al
      0.947090       0.624570       0.535090   612245.00000 145 Al
      0.535090       0.447090       0.124570   600000.12500 457 Al
      0.873090       0.196480       0.463290   588235.50000 254 Al
      0.873090       0.696480       0.963290   576923.25000 110 Al
      0.214910       0.802910       0.624570   566037.87500 181 Al
      0.286710       0.876910       0.196480   555555.75000 416 Al
      0.196480       0.286710       0.876910   545454.75000 512 Al
      0.623090       0.803520       0.213290   535714.43750 464 Al
      0.052910       0.874570       0.785090   526315.87500  91 Al
      0.713290       0.623090       0.303520   517241.59375 488 Al
      0.126910       0.303520       0.036710   508474.75000  38 Al
      0.285090       0.052910       0.374570   505844.65625 403 Al
      0.697090       0.875430       0.785090   503102.75000  85 Al
      0.464910       0.197090       0.874570   500264.50000 535 Al
      0.947090       0.125430       0.214910   497343.37500  19 Al
      0.786710       0.376910       0.196480   494351.68750 272 Al
      0.785090       0.052910       0.874570   491300.43750 115 Al
      0.302910       0.625430       0.535090   488199.34375 151 Al
      0.786710       0.373090       0.553520   485057.25000 284 Al
      0.713290       0.126910       0.446480   481882.06250 356 Al
      0.447090       0.624570       0.035090   478680.75000 433 Al
      0.302910       0.124570       0.214910   475459.78125  13 Al
      0.125430       0.035090       0.302910   472224.68750  55 Al
      0.124570       0.535090       0.447090   468980.56250 193 Al
      0.552910       0.375430       0.964910   465731.96875 505 Al
      0.125430       0.535090       0.802910   462483.06250 199 Al
      0.947090       0.625430       0.714910   459237.31250 163 Al
      0.552910       0.875430       0.464910   455998.12500 361 Al
      0.447090       0.124570       0.535090   452768.31250 289 Al
      0.624570       0.535090       0.947090   449550.43750 481 Al
      0.625430       0.035090       0.802910   446346.93750 343 Al
      0.124570       0.035090       0.947090   443159.68750  49 Al
      0.052910       0.375430       0.464910   439990.62500 217 Al
      0.197090       0.874570       0.464910   436841.34375 367 Al
      0.875430       0.785090       0.697090   433713.18750 133 Al
      0.803520       0.536710       0.126910   430607.46875 446 Al
      0.552910       0.374570       0.785090   427525.25000 523 Al
      0.802910       0.124570       0.714910   424467.46875 301 Al
==============================================
MonteCarlo: Metropolis with identity changes
Si > Al, Al > Si. STOP when occurrence <    0.00000
==============================================
Cost_function     Occurrence %     Scan-Cost
    41039.6836        0.000102  41038.839844
    32831.7500        0.000066  32830.773438
    30095.7637        0.000072  30095.535156
    19151.8691        0.000042  19151.810547
    16415.8965        0.000012  16415.146484
     8208.0166        0.000024   8207.484375
     8208.0156        0.000006   8207.660156
     8207.9619        0.000009   8207.692383
     8207.9619        0.000000   8207.254883
     8207.9609        0.000003   8207.696289
     8207.9609        0.000003   8207.154297
     8207.9609        0.000000   8207.731445
     8207.9609        0.000000   8207.855469
     5471.9897        0.000006   5471.589844
     5471.9819        0.000003   5471.455078
     5471.9810        0.000003   5471.469727
     5471.9810        0.000000   5471.276855
     5471.9810        0.000000   5471.387207
     5471.9810        0.000000   5471.160156
     5471.9810        0.000000   5471.134766
     5471.9810        0.000000   5471.340820
     5471.9810        0.000000   5471.005371
     5471.9810        0.000000   5471.743164
     5471.9810        0.000000   5471.814453
     5471.9810        0.000000   5471.848145
     5471.9810        0.000000   5471.549316
     5471.9810        0.000000   5471.812500
     5471.9810        0.000000   5471.486816
     5471.9810        0.000000   5471.535645
     5471.9810        0.000000   5471.526367
     5471.9810        0.000000   5471.499512
     5471.9810        0.000000   5471.199219
     5471.9810        0.000000   5471.526855
     5471.9810        0.000000   5471.170410
     5471.9810        0.000000   5471.451172
     5471.9810        0.000000   5471.216797
     5471.9810        0.000000   5471.580566
     5471.9810        0.000000   5471.723633
     5471.9810        0.000000   5471.097168
     5471.9810        0.000000   5470.996094
     5471.9810        0.000000   5471.027344
     5471.9810        0.000000   5471.574707
     5471.9810        0.000000   5471.796875
     5471.9810        0.000000   5471.161621
     5471.9810        0.000000   5471.669434
     5471.9810        0.000000   5471.032227
     5471.9810        0.000000   5471.860840
     5471.9810        0.000000   5471.947266
     5471.9810        0.000000   5471.277832
     5471.9810        0.000000   5471.537109
     5471.9810        0.000000   5471.943848
==============================================
geometrical properties of  86 Al:
 distancia media y dispersion
   12.1244488       3.50346851    
 distancia minima media y dispersion
   4.35296297      0.306525528    
 STOP   12.1244488       4.35296297       5471.98096    
