Random Seed:  1124968723
Number of atoms:   576
Space Group:    1
Cell:
    25.0279999    25.0279999    25.0279999    90.0000000    90.0000000    90.0000000
Box:
    25.0279999     0.0000000     0.0000000
     0.0000000    25.0279999     0.0000000
     0.0000000     0.0000000    25.0279999
----------------------------------------
Inverse Box:
     0.0399553     0.0000000     0.0000000
     0.0000000     0.0399553     0.0000000
     0.0000000     0.0000000     0.0399553
----------------------------------------
[loops] Connectivity between nodes [Degree]:
442222442222442222442222442222442222442222442222442222442222442222442222442222442222442222442222442222442222442222442222442222442222442222442222442222442222442222442222442222442222442222442222442222442222442222442222442222442222442222442222442222442222442222442222442222442222442222442222442222442222442222442222442222442222442222442222442222442222442222442222442222442222442222442222442222442222442222442222442222442222442222442222442222442222442222442222442222442222442222442222442222442222442222442222442222442222442222442222442222442222442222442222442222442222442222442222
Repulsive substitution with cost-function:
cost = 1/(s - p0),  p0 = 3.40 10^-10 m, if s >= p0
cost =   10000000.000 if s <  p0
     Crystalographic positions                  Cost     Label
      0.464910       0.552910       0.875430        0.00000
      0.123090       0.946480       0.036710            NaN  26 Al
      0.624570       0.035090       0.447090        0.21562 337 Al
      0.053520       0.463290       0.376910        0.19278 218 Al
      0.625430       0.535090       0.302910        0.19988 487 Al
      0.785090       0.052910       0.874570        0.21136 115 Al
      0.126910       0.803520       0.536710        0.20965 182 Al
      0.196480       0.286710       0.876910        0.20794 512 Al
      0.285090       0.052910       0.374570        0.25415 403 Al
      0.785090       0.697090       0.875430        0.25610 109 Al
      0.714910       0.302910       0.624570        0.25192 325 Al
      0.535090       0.802910       0.125430        0.24997 463 Al
      0.875430       0.285090       0.197090        0.25051 277 Al
      0.303520       0.536710       0.626910        0.25197 158 Al
      0.464910       0.197090       0.874570        0.25249 535 Al
      0.036710       0.626910       0.803520        0.26029 206 Al
      0.214910       0.302910       0.124570        0.26144  37 Al
      0.463290       0.876910       0.553520   555555.81250 410 Al
      0.803520       0.713290       0.123090   526316.06250 440 Al
      0.873090       0.196480       0.463290   500000.25000 254 Al
      0.376910       0.696480       0.286710   476190.71875 392 Al
      0.963290       0.873090       0.696480   454545.68750 134 Al
      0.446480       0.213290       0.626910   434782.81250 308 Al
      0.623090       0.446480       0.036710   416666.87500 458 Al
      0.876910       0.553520       0.463290   400000.21875 242 Al
      0.946480       0.036710       0.123090   384615.59375   2 Al
      0.303520       0.036710       0.126910   370370.59375  14 Al
      0.626910       0.946480       0.713290   357143.06250 332 Al
      0.035090       0.447090       0.624570   344827.81250 169 Al
      0.375430       0.464910       0.052910   333333.56250 553 Al
      0.197090       0.875430       0.285090   645161.50000 373 Al
      0.696480       0.286710       0.376910   625000.18750 224 Al
      0.124570       0.214910       0.302910   606060.81250  61 Al
      0.553520       0.786710       0.373090   588235.50000 380 Al
      0.036710       0.123090       0.946480   571428.75000  50 Al
      0.552910       0.374570       0.785090   555555.75000 523 Al
      0.697090       0.874570       0.964910   540540.75000  79 Al
      0.213290       0.626910       0.446480   526316.00000 212 Al
      0.803520       0.036710       0.626910   512820.68750 302 Al
      0.213290       0.623090       0.803520   500000.21875 200 Al
      0.874570       0.464910       0.197090   487805.09375 271 Al
      0.053520       0.786710       0.873090   476190.68750  92 Al
      0.286710       0.376910       0.696480   465116.50000 560 Al
      0.464910       0.052910       0.375430   454545.65625 385 Al
      0.946480       0.713290       0.626910   444444.65625 164 Al
      0.303520       0.713290       0.623090   434782.78125 152 Al
      0.374570       0.285090       0.052910   425532.09375 571 Al
      0.625430       0.714910       0.947090   625000.12500 499 Al
      0.035090       0.302910       0.125430   612245.06250  31 Al
      0.446480       0.036710       0.623090   600000.18750 290 Al
      0.963290       0.876910       0.053520   588235.50000 122 Al
      0.624570       0.214910       0.802910   576923.25000 349 Al
      0.447090       0.624570       0.035090   566037.93750 433 Al
      0.213290       0.126910       0.946480   555555.75000  68 Al
      0.125430       0.035090       0.302910   545454.75000  55 Al
      0.196480       0.463290       0.873090   535714.43750 518 Al
      0.786710       0.876910       0.696480   526316.00000 128 Al
      0.036710       0.623090       0.446480   517241.59375 194 Al
      0.286710       0.873090       0.553520   508474.81250 428 Al
      0.053520       0.963290       0.876910   500000.21875  74 Al
      0.373090       0.696480       0.463290   491803.46875 398 Al
      0.123090       0.803520       0.713290   483871.15625 176 Al
      0.713290       0.623090       0.303520   476190.65625 488 Al
      0.052910       0.375430       0.464910   473870.50000 217 Al
      0.786710       0.373090       0.553520   471459.25000 284 Al
      0.463290       0.873090       0.196480   468968.68750 422 Al
      0.626910       0.446480       0.213290   466409.37500 476 Al
      0.873090       0.696480       0.963290   463790.81250 110 Al
      0.873090       0.053520       0.786710   461121.56250 116 Al
      0.876910       0.196480       0.286710   458409.53125 248 Al
      0.623090       0.946480       0.536710   455661.59375 314 Al
      0.713290       0.126910       0.446480   452884.06250 356 Al
      0.373090       0.553520       0.786710   450082.62500 548 Al
      0.696480       0.463290       0.373090   447262.43750 230 Al
      0.052910       0.374570       0.285090   444428.06250 235 Al
      0.626910       0.303520       0.536710   441583.78125 326 Al
      0.623090       0.803520       0.213290   438733.31250 464 Al
      0.302910       0.124570       0.214910   435880.00000  13 Al
      0.624570       0.535090       0.947090   433026.93750 481 Al
      0.876910       0.053520       0.963290   430176.93750  98 Al
      0.876910       0.696480       0.786710   427332.43750 104 Al
      0.126910       0.446480       0.713290   424495.68750 188 Al
      0.447090       0.625430       0.214910   421668.65625 451 Al
      0.803520       0.213290       0.623090   418853.12500 296 Al
      0.286710       0.876910       0.196480   416050.81250 416 Al
      0.552910       0.375430       0.964910   413263.03125 505 Al
==============================================
MonteCarlo: Metropolis with identity changes
Si > Al, Al > Si. STOP when occurrence <    0.00000
==============================================
Cost_function     Occurrence %     Scan-Cost
    43775.6523        0.000115  43775.472656
    35567.7188        0.000066  35566.886719
    24623.8301        0.000030  24623.601562
    16415.8906        0.000027  16415.300781
    10943.9395        0.000018  10943.480469
    10943.9395        0.000006  10943.431641
    10943.9326        0.000012  10943.722656
    10943.9326        0.000024  10943.536133
     8207.9824        0.000021   8207.491211
     8207.9824        0.000009   8207.959961
     8207.9824        0.000003   8207.524414
     8207.9824        0.000009   8207.509766
     8207.9619        0.000006   8207.756836
     8207.9619        0.000003   8207.146484
     8207.9619        0.000003   8207.182617
     8207.9619        0.000000   8207.316406
     8207.9619        0.000003   8207.335938
     8207.9619        0.000003   8207.257812
     8207.9619        0.000000   8207.125000
     8207.9619        0.000000   8207.337891
     8207.9619        0.000003   8207.354492
     5472.1104        0.000009   5471.778809
     5472.1104        0.000000   5471.286133
     5471.9844        0.000003   5471.291016
     5471.9844        0.000003   5470.995605
     5471.9844        0.000000   5471.956055
     5471.9844        0.000000   5471.585938
     5471.9844        0.000003   5471.537109
     5471.9844        0.000000   5471.443848
     5471.9844        0.000000   5471.695312
     5471.9844        0.000000   5471.641602
     5471.9844        0.000000   5471.745117
     5471.9844        0.000003   5471.265137
     5471.9844        0.000000   5471.748047
     5471.9844        0.000000   5471.056641
     5471.9844        0.000003   5471.255859
     5471.9844        0.000000   5471.023438
     5471.9844        0.000000   5471.832031
     5471.9844        0.000000   5471.244629
     5471.9844        0.000000   5471.112305
     5471.9844        0.000003   5471.762207
     5471.9844        0.000000   5471.137695
     5471.9844        0.000000   5471.891113
     5471.9844        0.000003   5471.890137
     5471.9844        0.000000   5471.806152
     5471.9844        0.000000   5471.172363
     5471.9844        0.000000   5471.848145
     5471.9844        0.000000   5471.582031
     5471.9844        0.000003   5471.120605
     5471.9844        0.000000   5471.805664
     5471.9844        0.000000   5471.635742
==============================================
geometrical properties of  86 Al:
 distancia media y dispersion
   12.1316442       3.50118136    
 distancia minima media y dispersion
   4.33287525      0.251941770    
 STOP   12.1316442       4.33287525       5471.98438    
