Random Seed:  1313146648
Number of atoms:   576
Space Group:    1
Cell:
    25.0279999    25.0279999    25.0279999    90.0000000    90.0000000    90.0000000
Box:
    25.0279999     0.0000000     0.0000000
     0.0000000    25.0279999     0.0000000
     0.0000000     0.0000000    25.0279999
----------------------------------------
Inverse Box:
     0.0399553     0.0000000     0.0000000
     0.0000000     0.0399553     0.0000000
     0.0000000     0.0000000     0.0399553
----------------------------------------
[loops] Connectivity between nodes [Degree]:
442222442222442222442222442222442222442222442222442222442222442222442222442222442222442222442222442222442222442222442222442222442222442222442222442222442222442222442222442222442222442222442222442222442222442222442222442222442222442222442222442222442222442222442222442222442222442222442222442222442222442222442222442222442222442222442222442222442222442222442222442222442222442222442222442222442222442222442222442222442222442222442222442222442222442222442222442222442222442222442222442222442222442222442222442222442222442222442222442222442222442222442222442222442222442222442222
Repulsive substitution with cost-function:
cost = 1/(s - p0),  p0 = 3.40 10^-10 m, if s >= p0
cost =   10000000.000 if s <  p0
     Crystalographic positions                  Cost     Label
      0.197090       0.875430       0.285090        0.00000
      0.803520       0.213290       0.623090            NaN 296 Al
      0.286710       0.373090       0.053520        0.13946 572 Al
      0.785090       0.697090       0.875430  2500000.00000 109 Al
      0.303520       0.536710       0.626910  2000000.12500 158 Al
      0.786710       0.376910       0.196480  1666666.75000 272 Al
      0.446480       0.036710       0.623090  1428571.50000 290 Al
      0.623090       0.803520       0.213290  1250000.12500 464 Al
      0.052910       0.874570       0.785090  1111111.25000  91 Al
      0.052910       0.375430       0.464910  1000000.12500 217 Al
      0.946480       0.036710       0.123090   909091.06250   2 Al
      0.553520       0.286710       0.873090   833333.43750 524 Al
      0.947090       0.624570       0.535090   769230.87500 145 Al
      0.447090       0.624570       0.035090   714285.81250 433 Al
      0.302910       0.124570       0.214910   666666.81250  13 Al
      0.714910       0.947090       0.625430   625000.12500 331 Al
      0.464910       0.697090       0.374570   588235.43750 391 Al
      0.125430       0.214910       0.947090   555555.68750  67 Al
      0.625430       0.214910       0.447090   526315.93750 355 Al
      0.125430       0.535090       0.802910   500000.18750 199 Al
      0.802910       0.624570       0.214910   476190.65625 445 Al
      0.785090       0.052910       0.874570   454545.62500 115 Al
      0.286710       0.873090       0.553520   434782.75000 428 Al
      0.375430       0.285090       0.697090   416666.81250 565 Al
      0.964910       0.197090       0.374570   400000.12500 247 Al
      0.624570       0.535090       0.947090   384615.50000 481 Al
      0.123090       0.946480       0.036710   370370.50000  26 Al
      0.553520       0.963290       0.376910   357142.96875 362 Al
      0.696480       0.463290       0.373090   344827.71875 230 Al
      0.213290       0.626910       0.446480   333333.46875 212 Al
      0.697090       0.874570       0.964910   322580.78125  79 Al
      0.123090       0.303520       0.213290   312500.12500  32 Al
      0.373090       0.196480       0.963290   303030.43750 542 Al
      0.875430       0.785090       0.697090   588235.43750 133 Al
      0.535090       0.447090       0.124570   571428.68750 457 Al
      0.375430       0.785090       0.197090   555555.68750 421 Al
      0.874570       0.785090       0.052910   540540.68750 139 Al
      0.373090       0.553520       0.786710   526315.93750 548 Al
      0.875430       0.464910       0.552910   512820.68750 265 Al
      0.285090       0.052910       0.374570   500000.18750 403 Al
      0.623090       0.303520       0.713290   487805.06250 320 Al
      0.964910       0.052910       0.875430   476190.65625  97 Al
      0.126910       0.803520       0.536710   465116.46875 182 Al
      0.946480       0.213290       0.126910   454545.65625  20 Al
      0.197090       0.375430       0.785090   444444.59375 517 Al
      0.625430       0.035090       0.802910   434782.78125 343 Al
      0.964910       0.552910       0.375430   425532.09375 241 Al
      0.964910       0.697090       0.874570   416666.84375 103 Al
      0.785090       0.197090       0.375430   408163.40625 253 Al
      0.463290       0.876910       0.553520   400000.15625 410 Al
      0.374570       0.964910       0.197090   392157.03125 415 Al
      0.125430       0.035090       0.302910   384615.53125  55 Al
      0.035090       0.447090       0.624570   377358.65625 169 Al
      0.874570       0.964910       0.697090   370370.53125 127 Al
      0.303520       0.713290       0.623090   363636.53125 152 Al
      0.447090       0.625430       0.214910   357143.00000 451 Al
      0.625430       0.714910       0.947090   350877.34375 499 Al
      0.963290       0.373090       0.196480   344827.75000 278 Al
      0.124570       0.714910       0.802910   338983.21875 205 Al
      0.802910       0.625430       0.035090   333333.50000 439 Al
      0.697090       0.875430       0.785090   327869.00000  85 Al
      0.947090       0.625430       0.714910   322580.81250 163 Al
      0.874570       0.285090       0.552910   317460.46875 283 Al
      0.447090       0.124570       0.535090   317620.46875 289 Al
      0.875430       0.964910       0.052910   317613.06250 121 Al
      0.214910       0.447090       0.625430   317453.40625 187 Al
      0.802910       0.125430       0.535090   317155.50000 295 Al
      0.196480       0.786710       0.376910   316731.87500 368 Al
      0.535090       0.802910       0.125430   316193.96875 463 Al
      0.303520       0.213290       0.123090   315552.31250   8 Al
      0.714910       0.447090       0.125430   455661.56250 475 Al
      0.624570       0.714910       0.302910   452884.00000 493 Al
      0.197090       0.374570       0.964910   450082.50000 511 Al
      0.375430       0.464910       0.052910   447262.37500 553 Al
      0.213290       0.126910       0.946480   444428.00000  68 Al
      0.052910       0.875430       0.964910   441583.71875  73 Al
      0.447090       0.125430       0.714910   438733.21875 307 Al
      0.623090       0.946480       0.536710   435879.90625 314 Al
      0.552910       0.375430       0.964910   433026.93750 505 Al
      0.697090       0.374570       0.464910   430176.90625 223 Al
      0.463290       0.373090       0.696480   427332.40625 566 Al
      0.124570       0.535090       0.447090   424495.65625 193 Al
      0.785090       0.552910       0.374570   421668.62500 259 Al
      0.802910       0.124570       0.714910   418853.12500 301 Al
      0.373090       0.696480       0.463290   416050.78125 398 Al
      0.714910       0.802910       0.124570   413263.00000 469 Al
==============================================
MonteCarlo: Metropolis with identity changes
Si > Al, Al > Si. STOP when occurrence <    0.00000
==============================================
Cost_function     Occurrence %     Scan-Cost
    38303.6953        0.000112  38303.414062
    27359.7812        0.000078  27359.494141
     5472.0425        0.000060   5471.894043
     5472.0352        0.000030   5471.212891
        0.1654        0.000024     -0.022128
        0.1652        0.000012     -0.822033
        0.1651        0.000009     -0.220779
        0.1651        0.000003      0.148092
        0.1650        0.000003      0.071915
        0.1650        0.000000      0.013281
        0.1650        0.000018     -0.612198
        0.1648        0.000003     -0.593843
        0.1648        0.000000     -0.699777
        0.1648        0.000000     -0.487302
        0.1649        0.000003     -0.202006
        0.1649        0.000000     -0.090215
        0.1649        0.000003     -0.548005
        0.1649        0.000000      0.152136
        0.1649        0.000012      0.084455
        0.1649        0.000012     -0.763758
        0.1649        0.000006      0.163167
        0.1649        0.000000     -0.196917
        0.1649        0.000009     -0.220947
        0.1649        0.000003     -0.140322
        0.1649        0.000006     -0.196778
        0.1649        0.000003     -0.468315
        0.1649        0.000015     -0.572489
        0.1649        0.000003     -0.805527
        0.1649        0.000000     -0.406085
        0.1649        0.000000     -0.590029
        0.1649        0.000006      0.042955
        0.1649        0.000003     -0.037089
        0.1649        0.000006     -0.210569
        0.1648        0.000009     -0.434696
        0.1648        0.000003     -0.128420
        0.1648        0.000000     -0.355782
        0.1648        0.000000     -0.263604
        0.1648        0.000000     -0.604843
        0.1649        0.000006     -0.693886
        0.1649        0.000006     -0.513502
        0.1649        0.000012     -0.618741
        0.1649        0.000009      0.000501
        0.1649        0.000006     -0.700024
        0.1649        0.000006     -0.188317
        0.1649        0.000009     -0.349929
        0.1649        0.000009     -0.450007
        0.1649        0.000003     -0.196446
        0.1649        0.000003     -0.569320
        0.1649        0.000012     -0.165689
        0.1649        0.000006     -0.648367
        0.1649        0.000003     -0.414794
==============================================
geometrical properties of  86 Al:
 distancia media y dispersion
   12.1415606       3.50223589    
 distancia minima media y dispersion
   4.40260649       1.31745487E-02
 STOP   12.1415606       4.40260649      0.164871007    
