Random Seed:   935811027
Number of atoms:   576
Space Group:    1
Cell:
    25.0279999    25.0279999    25.0279999    90.0000000    90.0000000    90.0000000
Box:
    25.0279999     0.0000000     0.0000000
     0.0000000    25.0279999     0.0000000
     0.0000000     0.0000000    25.0279999
----------------------------------------
Inverse Box:
     0.0399553     0.0000000     0.0000000
     0.0000000     0.0399553     0.0000000
     0.0000000     0.0000000     0.0399553
----------------------------------------
[loops] Connectivity between nodes [Degree]:
442222442222442222442222442222442222442222442222442222442222442222442222442222442222442222442222442222442222442222442222442222442222442222442222442222442222442222442222442222442222442222442222442222442222442222442222442222442222442222442222442222442222442222442222442222442222442222442222442222442222442222442222442222442222442222442222442222442222442222442222442222442222442222442222442222442222442222442222442222442222442222442222442222442222442222442222442222442222442222442222442222442222442222442222442222442222442222442222442222442222442222442222442222442222442222442222
Repulsive substitution with cost-function:
cost = 1/(s - p0),  p0 = 3.40 10^-10 m, if s >= p0
cost =   10000000.000 if s <  p0
     Crystalographic positions                  Cost     Label
      0.947090       0.624570       0.535090        0.00000
      0.125430       0.214910       0.947090            NaN  67 Al
      0.536710       0.123090       0.446480        0.22801 338 Al
      0.625430       0.714910       0.947090        0.21271 499 Al
      0.373090       0.696480       0.463290        0.21008 398 Al
      0.964910       0.197090       0.374570        0.21519 247 Al
      0.553520       0.286710       0.873090        0.21835 524 Al
      0.053520       0.786710       0.873090        0.23103  92 Al
      0.713290       0.623090       0.303520        0.22994 488 Al
      0.196480       0.963290       0.373090        0.23195 374 Al
      0.785090       0.052910       0.874570        0.23397 115 Al
      0.285090       0.552910       0.874570        0.23289 547 Al
      0.697090       0.374570       0.464910        0.25100 223 Al
      0.303520       0.036710       0.126910        0.25100  14 Al
      0.214910       0.447090       0.625430        0.25699 187 Al
      0.714910       0.947090       0.625430        0.25841 331 Al
      0.446480       0.536710       0.123090        0.25561 434 Al
      0.963290       0.373090       0.196480        0.27046 278 Al
      0.874570       0.785090       0.052910        0.27339 139 Al
      0.447090       0.125430       0.714910        0.27149 307 Al
      0.552910       0.874570       0.285090        0.27157 379 Al
      0.214910       0.802910       0.624570        0.26973 181 Al
      0.946480       0.036710       0.123090        0.26807   2 Al
      0.803520       0.213290       0.623090        0.26789 296 Al
      0.714910       0.447090       0.125430        0.26619 475 Al
      0.374570       0.285090       0.052910        0.26672 571 Al
      0.876910       0.696480       0.786710   370370.62500 104 Al
      0.053520       0.463290       0.376910   357143.09375 218 Al
      0.375430       0.785090       0.197090   344827.84375 421 Al
      0.463290       0.373090       0.696480   333333.59375 566 Al
      0.463290       0.876910       0.553520   322580.90625 410 Al
      0.963290       0.873090       0.696480   312500.25000 134 Al
      0.963290       0.376910       0.553520   303030.53125 266 Al
      0.123090       0.946480       0.036710   294117.87500  26 Al
      0.125430       0.714910       0.447090   285714.50000 211 Al
      0.464910       0.552910       0.875430   277778.00000 529 Al
      0.214910       0.302910       0.124570   270270.50000  37 Al
      0.785090       0.197090       0.375430   526316.00000 253 Al
      0.697090       0.874570       0.964910   512820.75000  79 Al
      0.197090       0.375430       0.785090   500000.25000 517 Al
      0.213290       0.123090       0.303520   487805.12500  56 Al
      0.964910       0.052910       0.875430   476190.71875  97 Al
      0.536710       0.626910       0.303520   465116.53125 494 Al
      0.802910       0.625430       0.035090   454545.71875 439 Al
      0.625430       0.035090       0.802910   444444.65625 343 Al
      0.376910       0.053520       0.463290   434782.84375 386 Al
      0.873090       0.553520       0.286710   425532.15625 260 Al
      0.302910       0.624570       0.714910   416666.90625 157 Al
      0.285090       0.197090       0.875430   408163.46875 541 Al
      0.946480       0.213290       0.126910   400000.21875  20 Al
      0.036710       0.626910       0.803520   392157.09375 206 Al
      0.697090       0.375430       0.285090   384615.59375 229 Al
      0.623090       0.303520       0.713290   377358.71875 320 Al
      0.535090       0.802910       0.125430   370370.59375 463 Al
      0.624570       0.535090       0.947090   363636.59375 481 Al
      0.126910       0.946480       0.213290   357143.06250  44 Al
      0.697090       0.875430       0.785090   350877.40625  85 Al
      0.373090       0.053520       0.286710   344827.81250 404 Al
      0.197090       0.374570       0.964910   338983.28125 511 Al
      0.714910       0.802910       0.124570   500000.21875 469 Al
      0.946480       0.536710       0.623090   491803.46875 146 Al
      0.624570       0.035090       0.447090   489335.62500 337 Al
      0.302910       0.625430       0.535090   486767.03125 151 Al
      0.036710       0.126910       0.303520   484111.12500  62 Al
      0.876910       0.553520       0.463290   481379.84375 242 Al
      0.285090       0.697090       0.375430   478584.03125 397 Al
      0.552910       0.375430       0.964910   475733.31250 505 Al
      0.946480       0.713290       0.626910   472836.43750 164 Al
      0.875430       0.964910       0.052910   469901.21875 121 Al
      0.302910       0.125430       0.035090   466934.62500   7 Al
      0.053520       0.286710       0.373090   463943.12500 236 Al
      0.786710       0.373090       0.553520   460932.28125 284 Al
      0.874570       0.964910       0.697090   457907.31250 127 Al
      0.446480       0.213290       0.626910   454872.71875 308 Al
      0.625430       0.214910       0.447090   451832.65625 355 Al
      0.197090       0.874570       0.464910   448790.93750 367 Al
      0.447090       0.624570       0.035090   445750.81250 433 Al
      0.123090       0.446480       0.536710   442715.25000 170 Al
      0.124570       0.035090       0.947090   439686.93750  49 Al
      0.123090       0.803520       0.713290   436668.34375 176 Al
      0.802910       0.124570       0.714910   433661.56250 301 Al
      0.785090       0.697090       0.875430   430668.50000 109 Al
      0.446480       0.036710       0.623090   427690.93750 290 Al
      0.553520       0.786710       0.373090   424730.34375 380 Al
      0.802910       0.125430       0.535090   421788.03125 295 Al
      0.535090       0.447090       0.124570   418865.25000 457 Al
==============================================
MonteCarlo: Metropolis with identity changes
Si > Al, Al > Si. STOP when occurrence <    0.00000
==============================================
Cost_function     Occurrence %     Scan-Cost
    54719.5625        0.000096  54718.976562
    46511.6289        0.000105  46511.011719
    35567.7188        0.000057  35567.070312
    27359.7852        0.000054  27359.408203
    21887.8359        0.000024  21887.521484
    16415.8887        0.000039  16415.623047
    10943.9473        0.000042  10943.127930
    10943.9297        0.000021  10943.256836
     8208.0078        0.000030   8207.038086
     5471.9966        0.000027   5471.464355
     5471.9937        0.000006   5471.829102
     5471.9927        0.000003   5471.795410
     2736.0779        0.000006   2735.906738
        0.1652        0.000018     -0.355899
        0.1652        0.000000     -0.018205
        0.1652        0.000003     -0.333132
        0.1652        0.000000     -0.790933
        0.1652        0.000009     -0.150968
        0.1653        0.000003     -0.649503
        0.1652        0.000003     -0.416874
        0.1652        0.000000      0.143814
        0.1652        0.000003     -0.405089
        0.1652        0.000000     -0.365911
        0.1652        0.000006     -0.301084
        0.1652        0.000000     -0.139916
        0.1652        0.000000     -0.106236
        0.1652        0.000003     -0.152548
        0.1652        0.000000     -0.709646
        0.1652        0.000000     -0.431575
        0.1652        0.000003     -0.114291
        0.1652        0.000012     -0.285150
        0.1652        0.000000     -0.518922
        0.1652        0.000000     -0.317226
        0.1652        0.000003     -0.348042
        0.1653        0.000003     -0.645691
        0.1653        0.000000     -0.536401
        0.1652        0.000003     -0.287923
        0.1652        0.000000     -0.520541
        0.1652        0.000000      0.040028
        0.1652        0.000003     -0.493692
        0.1652        0.000000      0.082459
        0.1652        0.000000     -0.160968
        0.1652        0.000003     -0.055233
        0.1652        0.000012      0.019595
        0.1652        0.000000     -0.173022
        0.1652        0.000000     -0.542839
        0.1652        0.000003     -0.049956
        0.1653        0.000003     -0.232681
        0.1653        0.000000     -0.679280
        0.1652        0.000003     -0.735790
        0.1652        0.000000     -0.159037
==============================================
geometrical properties of  86 Al:
 distancia media y dispersion
   12.1299610       3.50031400    
 distancia minima media y dispersion
   4.40143871       8.40070844E-03
 STOP   12.1299610       4.40143871      0.165232018    
