Random Seed:  1198633133
Number of atoms:   576
Space Group:    1
Cell:
    25.0279999    25.0279999    25.0279999    90.0000000    90.0000000    90.0000000
Box:
    25.0279999     0.0000000     0.0000000
     0.0000000    25.0279999     0.0000000
     0.0000000     0.0000000    25.0279999
----------------------------------------
Inverse Box:
     0.0399553     0.0000000     0.0000000
     0.0000000     0.0399553     0.0000000
     0.0000000     0.0000000     0.0399553
----------------------------------------
[loops] Connectivity between nodes [Degree]:
442222442222442222442222442222442222442222442222442222442222442222442222442222442222442222442222442222442222442222442222442222442222442222442222442222442222442222442222442222442222442222442222442222442222442222442222442222442222442222442222442222442222442222442222442222442222442222442222442222442222442222442222442222442222442222442222442222442222442222442222442222442222442222442222442222442222442222442222442222442222442222442222442222442222442222442222442222442222442222442222442222442222442222442222442222442222442222442222442222442222442222442222442222442222442222442222
Repulsive substitution with cost-function:
cost = 1/(s - p0),  p0 = 3.40 10^-10 m, if s >= p0
cost =   10000000.000 if s <  p0
     Crystalographic positions                  Cost     Label
      0.875430       0.464910       0.552910        0.00000
      0.376910       0.553520       0.963290            NaN 530 Al
      0.875430       0.964910       0.052910        0.25962 121 Al
      0.376910       0.053520       0.463290        0.23405 386 Al
      0.373090       0.696480       0.463290        0.22263 398 Al
      0.373090       0.196480       0.963290        0.23005 542 Al
      0.874570       0.964910       0.697090        0.28568 127 Al
      0.874570       0.464910       0.197090        0.27341 271 Al
      0.713290       0.626910       0.946480        0.26847 500 Al
      0.713290       0.126910       0.446480        0.26958 356 Al
      0.214910       0.947090       0.125430        0.26583  43 Al
      0.214910       0.447090       0.625430        0.26606 187 Al
      0.624570       0.214910       0.802910        0.26518 349 Al
      0.624570       0.714910       0.302910        0.26677 493 Al
      0.124570       0.214910       0.302910        0.26524  61 Al
      0.124570       0.714910       0.802910        0.26953 205 Al
      0.125430       0.214910       0.947090        0.26848  67 Al
      0.125430       0.714910       0.447090        0.28156 211 Al
      0.626910       0.446480       0.213290        0.27938 476 Al
      0.626910       0.946480       0.713290        0.28100 332 Al
      0.463290       0.873090       0.196480        0.27809 422 Al
      0.463290       0.373090       0.696480        0.27713 566 Al
      0.876910       0.196480       0.286710        0.27829 248 Al
      0.876910       0.696480       0.786710        0.27771 104 Al
      0.053520       0.963290       0.876910        0.27607  74 Al
      0.053520       0.463290       0.376910        0.27605 218 Al
      0.196480       0.963290       0.373090        0.27712 374 Al
      0.196480       0.463290       0.873090        0.27670 518 Al
      0.697090       0.874570       0.964910        0.28873  79 Al
      0.697090       0.374570       0.464910        0.28688 223 Al
      0.552910       0.375430       0.964910        0.28536 505 Al
      0.552910       0.875430       0.464910        0.28987 361 Al
      0.214910       0.302910       0.124570        0.28773  37 Al
      0.214910       0.802910       0.624570   294117.93750 181 Al
      0.803520       0.213290       0.623090   285714.56250 296 Al
      0.803520       0.713290       0.123090   277778.03125 440 Al
      0.447090       0.625430       0.214910   270270.53125 451 Al
      0.447090       0.125430       0.714910   263158.15625 307 Al
      0.302910       0.124570       0.214910   256410.51562  13 Al
      0.302910       0.624570       0.714910   250000.26562 157 Al
      0.785090       0.052910       0.874570   243902.70312 115 Al
      0.785090       0.552910       0.374570   238095.50000 259 Al
      0.946480       0.213290       0.126910   232558.39062  20 Al
      0.946480       0.713290       0.626910   227272.98438 164 Al
      0.035090       0.947090       0.124570   222222.46875  25 Al
      0.035090       0.447090       0.624570   217391.54688 169 Al
      0.536710       0.123090       0.446480   212766.20312 338 Al
      0.536710       0.623090       0.946480   208333.57812 482 Al
      0.873090       0.196480       0.463290   204081.87500 254 Al
      0.873090       0.696480       0.963290   200000.23438 110 Al
      0.375430       0.964910       0.552910   196078.68750 409 Al
      0.375430       0.464910       0.052910   200151.04688 553 Al
      0.285090       0.697090       0.375430   392441.68750 397 Al
      0.285090       0.197090       0.875430   392141.28125 541 Al
      0.786710       0.876910       0.696480   391589.09375 128 Al
      0.786710       0.376910       0.196480   390813.03125 272 Al
      0.286710       0.876910       0.196480   389838.37500 416 Al
      0.036710       0.123090       0.946480   388687.37500  50 Al
      0.036710       0.126910       0.303520   387380.00000  62 Al
      0.286710       0.376910       0.696480   385934.28125 560 Al
      0.036710       0.623090       0.446480   384366.12500 194 Al
      0.623090       0.303520       0.713290   382690.06250 320 Al
      0.302910       0.625430       0.535090   380918.87500 151 Al
      0.302910       0.125430       0.035090   379064.34375   7 Al
      0.053520       0.786710       0.873090   377136.81250  92 Al
      0.963290       0.873090       0.696480   375145.75000 134 Al
      0.125430       0.535090       0.802910   373099.65625 199 Al
      0.963290       0.373090       0.196480   371006.06250 278 Al
      0.803520       0.036710       0.626910   368871.81250 302 Al
      0.464910       0.697090       0.374570   366703.31250 391 Al
      0.696480       0.786710       0.876910   364506.00000  80 Al
      0.374570       0.785090       0.552910   362284.87500 427 Al
      0.052910       0.375430       0.464910   360044.65625 217 Al
      0.623090       0.803520       0.213290   357789.37500 464 Al
      0.803520       0.536710       0.126910   355522.68750 446 Al
      0.625430       0.535090       0.302910   353248.06250 487 Al
      0.374570       0.285090       0.052910   350968.40625 571 Al
      0.696480       0.286710       0.376910   476891.59375 224 Al
      0.446480       0.213290       0.626910   472987.00000 308 Al
      0.535090       0.947090       0.624570   469125.34375 313 Al
      0.625430       0.035090       0.802910   465307.15625 343 Al
      0.553520       0.463290       0.876910   461532.75000 506 Al
      0.553520       0.963290       0.376910   457802.37500 362 Al
      0.626910       0.303520       0.536710   454116.15625 326 Al
      0.197090       0.874570       0.464910   450474.25000 367 Al
      0.373090       0.053520       0.286710   446876.46875 404 Al
==============================================
MonteCarlo: Metropolis with identity changes
Si > Al, Al > Si. STOP when occurrence <    0.00000
==============================================
Cost_function     Occurrence %     Scan-Cost
    68399.4531        0.000157  68398.632812
    51983.5859        0.000121  51983.007812
    41039.6797        0.000075  41039.078125
    35567.7266        0.000045  35567.343750
    21887.8477        0.000060  21887.097656
    16415.8848        0.000024  16415.501953
    16415.8848        0.000009  16415.044922
    16415.8848        0.000015  16414.974609
    16415.8848        0.000012  16415.859375
    16415.8848        0.000009  16415.152344
    16415.8848        0.000009  16415.673828
    16415.8848        0.000015  16414.910156
    16415.8848        0.000018  16415.281250
    16415.8848        0.000024  16415.779297
    16415.8848        0.000021  16415.025391
    16415.8848        0.000024  16415.388672
    16415.8848        0.000009  16415.794922
    16415.8848        0.000006  16415.609375
    16415.8848        0.000024  16414.917969
    16415.8848        0.000012  16415.068359
    16415.8848        0.000009  16415.765625
    16415.8848        0.000015  16415.371094
    16415.8848        0.000009  16415.251953
    16415.8848        0.000015  16415.593750
    16415.8828        0.000015  16415.638672
    13679.9160        0.000021  13679.889648
    13679.9072        0.000015  13679.333984
    13679.9072        0.000006  13679.625977
    13679.9072        0.000000  13679.867188
    13679.9072        0.000003  13679.783203
    13679.9072        0.000006  13679.905273
    13679.9062        0.000006  13679.277344
    13679.9062        0.000009  13679.439453
    13679.9062        0.000006  13679.010742
    13679.9062        0.000009  13678.912109
    13679.9062        0.000006  13679.427734
    13679.9062        0.000003  13679.177734
    13679.9062        0.000012  13679.351562
    13679.9062        0.000000  13678.981445
    13679.9062        0.000009  13678.954102
    13679.9062        0.000006  13679.547852
    13679.9062        0.000009  13679.263672
    13679.9062        0.000006  13679.594727
    13679.9062        0.000006  13679.429688
    13679.9062        0.000006  13679.415039
    13679.9062        0.000009  13679.656250
    13679.9062        0.000000  13679.650391
    13679.9062        0.000000  13679.432617
    13679.9062        0.000006  13679.544922
    13679.9062        0.000030  13679.859375
     8207.9971        0.000033   8207.828125
==============================================
geometrical properties of  86 Al:
 distancia media y dispersion
   12.1306362       3.49459195    
 distancia minima media y dispersion
   4.31128693      0.327566475    
 STOP   12.1306362       4.31128693       8207.99707    
