Random Seed:  1104717234
Number of atoms:   576
Space Group:    1
Cell:
    25.0279999    25.0279999    25.0279999    90.0000000    90.0000000    90.0000000
Box:
    25.0279999     0.0000000     0.0000000
     0.0000000    25.0279999     0.0000000
     0.0000000     0.0000000    25.0279999
----------------------------------------
Inverse Box:
     0.0399553     0.0000000     0.0000000
     0.0000000     0.0399553     0.0000000
     0.0000000     0.0000000     0.0399553
----------------------------------------
[loops] Connectivity between nodes [Degree]:
442222442222442222442222442222442222442222442222442222442222442222442222442222442222442222442222442222442222442222442222442222442222442222442222442222442222442222442222442222442222442222442222442222442222442222442222442222442222442222442222442222442222442222442222442222442222442222442222442222442222442222442222442222442222442222442222442222442222442222442222442222442222442222442222442222442222442222442222442222442222442222442222442222442222442222442222442222442222442222442222442222442222442222442222442222442222442222442222442222442222442222442222442222442222442222442222
Repulsive substitution with cost-function:
cost = 1/(s - p0),  p0 = 3.40 10^-10 m, if s >= p0
cost =   10000000.000 if s <  p0
     Crystalographic positions                  Cost     Label
      0.713290       0.623090       0.303520        0.00000
      0.624570       0.535090       0.947090            NaN 481 Al
      0.124570       0.035090       0.947090        0.24956  49 Al
      0.536710       0.123090       0.446480        0.20535 338 Al
      0.213290       0.626910       0.446480        0.19565 212 Al
      0.125430       0.535090       0.802910        0.19564 199 Al
      0.625430       0.035090       0.802910        0.21338 343 Al
      0.036710       0.126910       0.303520        0.21203  62 Al
      0.786710       0.373090       0.553520        0.21446 284 Al
      0.463290       0.873090       0.196480        0.21747 422 Al
      0.286710       0.373090       0.053520        0.22009 572 Al
      0.963290       0.873090       0.696480   833333.56250 134 Al
      0.874570       0.785090       0.052910   769231.00000 139 Al
      0.375430       0.285090       0.697090   714285.87500 565 Al
      0.463290       0.876910       0.553520   666666.87500 410 Al
      0.963290       0.373090       0.196480   625000.18750 278 Al
      0.197090       0.875430       0.285090   588235.50000 373 Al
      0.947090       0.624570       0.535090   555555.75000 145 Al
      0.373090       0.553520       0.786710   526316.00000 548 Al
      0.876910       0.053520       0.963290   500000.18750  98 Al
      0.697090       0.375430       0.285090   476190.65625 229 Al
      0.802910       0.125430       0.535090   454545.65625 295 Al
      0.302910       0.124570       0.214910   434782.78125  13 Al
      0.447090       0.625430       0.214910   416666.87500 451 Al
      0.696480       0.786710       0.876910   400000.18750  80 Al
      0.553520       0.286710       0.873090   384615.56250 524 Al
      0.052910       0.375430       0.464910   370370.56250 217 Al
      0.214910       0.802910       0.624570   357143.00000 181 Al
      0.196480       0.286710       0.876910   344827.75000 512 Al
      0.053520       0.786710       0.873090   333333.50000  92 Al
      0.553520       0.786710       0.373090   322580.81250 380 Al
      0.803520       0.536710       0.126910   312500.15625 446 Al
      0.714910       0.947090       0.625430   303030.46875 331 Al
      0.035090       0.947090       0.124570   294117.81250  25 Al
      0.214910       0.447090       0.625430   285714.43750 187 Al
      0.535090       0.447090       0.124570   277777.93750 457 Al
      0.373090       0.196480       0.963290   270270.43750 542 Al
      0.876910       0.696480       0.786710   526316.00000 104 Al
      0.535090       0.302910       0.625430   512820.75000 319 Al
      0.285090       0.052910       0.374570   500000.25000 403 Al
      0.626910       0.803520       0.036710   487805.12500 470 Al
      0.876910       0.196480       0.286710   476190.71875 248 Al
      0.964910       0.552910       0.375430   465116.53125 241 Al
      0.802910       0.124570       0.714910   454545.71875 301 Al
      0.376910       0.553520       0.963290   444444.65625 530 Al
      0.446480       0.036710       0.623090   434782.81250 290 Al
      0.373090       0.696480       0.463290   425532.12500 398 Al
      0.123090       0.303520       0.213290   416666.87500  32 Al
      0.197090       0.874570       0.464910   408163.46875 367 Al
      0.035090       0.447090       0.624570   400000.18750 169 Al
      0.214910       0.947090       0.125430   392157.06250  43 Al
      0.553520       0.963290       0.376910   384615.56250 362 Al
      0.946480       0.213290       0.126910   377358.68750  20 Al
      0.623090       0.803520       0.213290   370370.56250 464 Al
      0.126910       0.303520       0.036710   363636.53125  38 Al
      0.213290       0.623090       0.803520   357143.03125 200 Al
      0.697090       0.374570       0.464910   357370.78125 223 Al
      0.536710       0.623090       0.946480   357359.03125 482 Al
      0.036710       0.123090       0.946480   357131.96875  50 Al
      0.696480       0.963290       0.873090   356711.56250  86 Al
      0.536710       0.126910       0.803520   356117.50000 350 Al
      0.625430       0.535090       0.302910   355367.62500 487 Al
      0.125430       0.714910       0.447090   354477.81250 211 Al
      0.625430       0.214910       0.447090   353462.65625 355 Al
      0.053520       0.963290       0.876910   352335.18750  74 Al
      0.035090       0.802910       0.625430   351107.25000 175 Al
      0.785090       0.552910       0.374570   349789.59375 259 Al
      0.786710       0.873090       0.053520   348391.81250 140 Al
      0.874570       0.285090       0.552910   346922.68750 283 Al
      0.125430       0.035090       0.302910   345390.37500  55 Al
      0.873090       0.696480       0.963290   343802.00000 110 Al
      0.375430       0.785090       0.197090   342164.15625 421 Al
      0.213290       0.126910       0.946480   340482.81250  68 Al
      0.553520       0.463290       0.876910   338763.50000 506 Al
      0.196480       0.463290       0.873090   337011.03125 518 Al
      0.874570       0.964910       0.697090   335230.03125 127 Al
      0.124570       0.535090       0.447090   333424.56250 193 Al
      0.714910       0.302910       0.624570   331598.28125 325 Al
      0.303520       0.213290       0.123090   329754.71875   8 Al
      0.303520       0.713290       0.623090   452896.84375 152 Al
      0.374570       0.964910       0.197090   449484.34375 415 Al
      0.947090       0.625430       0.714910   446100.62500 163 Al
      0.714910       0.447090       0.125430   442746.65625 475 Al
      0.803520       0.713290       0.123090   439423.25000 440 Al
      0.946480       0.036710       0.123090   436131.15625   2 Al
      0.374570       0.464910       0.697090   432870.87500 559 Al
==============================================
MonteCarlo: Metropolis with identity changes
Si > Al, Al > Si. STOP when occurrence <    0.00000
==============================================
Cost_function     Occurrence %     Scan-Cost
    49247.6133        0.000121  49247.296875
    46511.6367        0.000051  46510.906250
    46511.6328        0.000036  46511.351562
    41039.6836        0.000051  41039.199219
    32831.7539        0.000018  32831.265625
    32831.7500        0.000027  32830.855469
    32831.7500        0.000024  32831.347656
    30095.7715        0.000033  30095.662109
    30095.7637        0.000024  30095.750000
    30095.7617        0.000018  30095.320312
    27359.7930        0.000036  27359.681641
    21887.8496        0.000009  21887.560547
    21887.8418        0.000018  21887.203125
    21887.8418        0.000012  21887.666016
    21887.8418        0.000012  21887.347656
    21887.8418        0.000009  21887.251953
    19151.8652        0.000021  19151.107422
    19151.8652        0.000015  19151.316406
    19151.8652        0.000003  19151.861328
    19151.8652        0.000018  19151.072266
    19151.8652        0.000003  19151.855469
    19151.8652        0.000003  19151.601562
    19151.8652        0.000015  19151.785156
    19151.8652        0.000009  19151.701172
    19151.8652        0.000006  19151.814453
    19151.8652        0.000009  19151.041016
    19151.8652        0.000015  19150.970703
    19151.8652        0.000003  19151.494141
    19151.8652        0.000015  19151.072266
    19151.8652        0.000003  19151.605469
    19151.8652        0.000015  19150.962891
    19151.8652        0.000012  19151.164062
    19151.8652        0.000021  19151.751953
    19151.8652        0.000006  19151.859375
    19151.8652        0.000006  19150.988281
    19151.8652        0.000009  19151.828125
    19151.8652        0.000006  19151.019531
    19151.8652        0.000009  19151.390625
    19151.8652        0.000006  19151.835938
    19151.8652        0.000015  19151.224609
    19151.8652        0.000018  19151.312500
    19151.8652        0.000009  19151.445312
    19151.8652        0.000015  19151.800781
    19151.8652        0.000012  19151.855469
    19151.8652        0.000006  19151.339844
    19151.8652        0.000003  19151.808594
    19151.8652        0.000012  19150.871094
    19151.8652        0.000003  19151.734375
    19151.8652        0.000009  19151.595703
    19151.8652        0.000006  19151.660156
    19151.8652        0.000012  19151.419922
==============================================
geometrical properties of  86 Al:
 distancia media y dispersion
   12.1412096       3.48891115    
 distancia minima media y dispersion
   4.18617725      0.469680876    
 STOP   12.1412096       4.18617725       19151.8652    
