Random Seed:  1269850362
Number of atoms:   576
Space Group:    1
Cell:
    25.0279999    25.0279999    25.0279999    90.0000000    90.0000000    90.0000000
Box:
    25.0279999     0.0000000     0.0000000
     0.0000000    25.0279999     0.0000000
     0.0000000     0.0000000    25.0279999
----------------------------------------
Inverse Box:
     0.0399553     0.0000000     0.0000000
     0.0000000     0.0399553     0.0000000
     0.0000000     0.0000000     0.0399553
----------------------------------------
[loops] Connectivity between nodes [Degree]:
442222442222442222442222442222442222442222442222442222442222442222442222442222442222442222442222442222442222442222442222442222442222442222442222442222442222442222442222442222442222442222442222442222442222442222442222442222442222442222442222442222442222442222442222442222442222442222442222442222442222442222442222442222442222442222442222442222442222442222442222442222442222442222442222442222442222442222442222442222442222442222442222442222442222442222442222442222442222442222442222442222442222442222442222442222442222442222442222442222442222442222442222442222442222442222442222
Repulsive substitution with cost-function:
cost = 1/(s - p0),  p0 = 3.40 10^-10 m, if s >= p0
cost =   10000000.000 if s <  p0
     Crystalographic positions                  Cost     Label
      0.285090       0.552910       0.874570        0.00000
      0.053520       0.463290       0.376910            NaN 218 Al
      0.785090       0.052910       0.874570        0.25687 115 Al
      0.553520       0.963290       0.376910        0.22071 362 Al
      0.125430       0.035090       0.302910        0.21004  55 Al
      0.625430       0.535090       0.302910        0.22139 487 Al
      0.785090       0.697090       0.875430        0.22428 109 Al
      0.285090       0.197090       0.875430        0.22223 541 Al
      0.714910       0.302910       0.624570        0.24828 325 Al
      0.214910       0.802910       0.624570        0.24725 181 Al
      0.946480       0.213290       0.126910        0.24454  20 Al
      0.446480       0.713290       0.126910        0.25091 452 Al
      0.946480       0.713290       0.626910        0.25496 164 Al
      0.446480       0.213290       0.626910        0.25364 308 Al
      0.463290       0.376910       0.053520        0.25397 554 Al
      0.963290       0.876910       0.053520        0.30867 122 Al
      0.785090       0.197090       0.375430        0.30378 253 Al
      0.285090       0.697090       0.375430        0.29971 397 Al
      0.214910       0.447090       0.625430        0.29777 187 Al
      0.714910       0.947090       0.625430        0.29689 331 Al
      0.303520       0.036710       0.126910        0.29258  14 Al
      0.803520       0.536710       0.126910        0.29411 446 Al
      0.214910       0.302910       0.124570        0.29149  37 Al
      0.714910       0.802910       0.124570   416666.93750 469 Al
      0.875430       0.464910       0.552910   400000.28125 265 Al
      0.375430       0.964910       0.552910   384615.65625 409 Al
      0.053520       0.963290       0.876910   370370.62500  74 Al
      0.553520       0.463290       0.876910   357143.09375 506 Al
      0.536710       0.126910       0.803520   344827.84375 350 Al
      0.036710       0.626910       0.803520   333333.59375 206 Al
      0.964910       0.197090       0.374570   322580.90625 247 Al
      0.464910       0.697090       0.374570   312500.25000 391 Al
      0.785090       0.552910       0.374570   303030.56250 259 Al
      0.285090       0.052910       0.374570   294117.90625 403 Al
      0.874570       0.964910       0.697090   285714.50000 127 Al
      0.374570       0.464910       0.697090   277778.03125 559 Al
      0.125430       0.214910       0.947090   270270.53125  67 Al
      0.625430       0.714910       0.947090   263158.15625 499 Al
      0.625430       0.214910       0.447090   256410.50000 355 Al
      0.125430       0.714910       0.447090   250000.25000 211 Al
      0.286710       0.876910       0.196480   243902.68750 416 Al
      0.786710       0.376910       0.196480   238095.48438 272 Al
      0.697090       0.875430       0.785090   232558.39062  85 Al
      0.197090       0.375430       0.785090   227272.98438 517 Al
      0.946480       0.036710       0.123090   222222.45312   2 Al
      0.446480       0.536710       0.123090   217391.53125 434 Al
      0.035090       0.447090       0.624570   212766.20312 169 Al
      0.535090       0.947090       0.624570   208333.57812 313 Al
      0.553520       0.286710       0.873090   204081.87500 524 Al
      0.053520       0.786710       0.873090   200000.23438  92 Al
      0.302910       0.625430       0.535090   196078.67188 151 Al
      0.802910       0.125430       0.535090   192307.92188 295 Al
      0.124570       0.214910       0.302910   188679.48438  61 Al
      0.624570       0.714910       0.302910   185185.40625 493 Al
      0.463290       0.873090       0.196480   181818.40625 422 Al
      0.963290       0.373090       0.196480   178571.64062 278 Al
      0.123090       0.946480       0.036710   175438.81250  26 Al
      0.623090       0.446480       0.036710   172414.01562 458 Al
      0.697090       0.374570       0.464910   169491.75000 223 Al
      0.197090       0.874570       0.464910   166666.89062 367 Al
      0.697090       0.874570       0.964910   163934.64062  79 Al
      0.197090       0.374570       0.964910   161290.54688 511 Al
      0.302910       0.624570       0.714910   317460.53125 157 Al
      0.802910       0.124570       0.714910   312500.21875 301 Al
      0.874570       0.285090       0.552910   307692.53125 283 Al
      0.374570       0.785090       0.552910   303030.53125 427 Al
      0.876910       0.053520       0.963290   298507.68750  98 Al
      0.873090       0.696480       0.963290   298640.62500 110 Al
      0.124570       0.535090       0.447090   298634.81250 193 Al
      0.624570       0.035090       0.447090   298502.09375 337 Al
      0.376910       0.553520       0.963290   298253.37500 530 Al
      0.126910       0.946480       0.213290   297898.59375  44 Al
      0.373090       0.196480       0.963290   297446.81250 542 Al
      0.947090       0.624570       0.535090   296906.56250 145 Al
      0.035090       0.802910       0.625430   296285.37500 175 Al
      0.052910       0.375430       0.464910   295590.40625 217 Al
      0.447090       0.124570       0.535090   294828.06250 289 Al
      0.623090       0.303520       0.713290   294004.31250 320 Al
      0.964910       0.552910       0.375430   293124.68750 241 Al
      0.302910       0.124570       0.214910   292194.18750  13 Al
      0.876910       0.696480       0.786710   291217.43750 104 Al
      0.552910       0.875430       0.464910   290198.81250 361 Al
      0.626910       0.446480       0.213290   289142.18750 476 Al
      0.376910       0.196480       0.786710   288051.21875 536 Al
      0.464910       0.052910       0.375430   286929.31250 385 Al
      0.802910       0.624570       0.214910   285779.50000 445 Al
==============================================
MonteCarlo: Metropolis with identity changes
Si > Al, Al > Si. STOP when occurrence <    0.00000
==============================================
Cost_function     Occurrence %     Scan-Cost
    43775.6523        0.000069  43775.320312
    41039.6797        0.000036  41038.925781
    38303.6992        0.000048  38303.367188
    38303.6992        0.000051  38303.078125
    27359.7871        0.000063  27359.371094
    21887.8320        0.000057  21886.941406
    10943.9170        0.000066  10943.412109
     8207.9355        0.000060   8207.212891
     2736.0093        0.000081   2735.100830
     2736.0093        0.000063   2735.837158
     2736.0093        0.000072   2735.943604
     2736.0093        0.000075   2735.911621
     2736.0093        0.000066   2735.511719
     2736.0093        0.000063   2735.057617
        0.1648        0.000024     -0.386532
        0.1648        0.000006     -0.630205
        0.1648        0.000003     -0.411884
        0.1648        0.000003     -0.022330
        0.1648        0.000003     -0.278926
        0.1648        0.000003     -0.461165
        0.1648        0.000000     -0.240464
        0.1648        0.000000     -0.595708
        0.1648        0.000000     -0.505833
        0.1648        0.000009     -0.130326
        0.1648        0.000000     -0.397092
        0.1648        0.000003     -0.714617
        0.1648        0.000015     -0.801785
        0.1648        0.000003      0.074268
        0.1648        0.000003     -0.240462
        0.1648        0.000003     -0.709423
        0.1648        0.000003     -0.537262
        0.1648        0.000015     -0.396298
        0.1648        0.000000     -0.393153
        0.1648        0.000003     -0.352483
        0.1647        0.000006     -0.128872
        0.1647        0.000000     -0.252167
        0.1647        0.000009      0.152406
        0.1647        0.000000     -0.392023
        0.1647        0.000000      0.073977
        0.1647        0.000003     -0.721192
        0.1647        0.000006     -0.516896
        0.1647        0.000003     -0.359262
        0.1648        0.000006     -0.075056
        0.1648        0.000009     -0.207006
        0.1648        0.000000      0.016571
        0.1648        0.000009     -0.391974
        0.1648        0.000000     -0.464219
        0.1648        0.000003     -0.670395
        0.1648        0.000003     -0.515127
        0.1648        0.000006     -0.112607
        0.1648        0.000006     -0.709763
==============================================
geometrical properties of  86 Al:
 distancia media y dispersion
   12.1508541       3.50566506    
 distancia minima media y dispersion
   4.40238523       7.43727852E-03
 STOP   12.1508541       4.40238523      0.164756268    
