Random Seed:  1447954159
Number of atoms:   576
Space Group:    1
Cell:
    25.0279999    25.0279999    25.0279999    90.0000000    90.0000000    90.0000000
Box:
    25.0279999     0.0000000     0.0000000
     0.0000000    25.0279999     0.0000000
     0.0000000     0.0000000    25.0279999
----------------------------------------
Inverse Box:
     0.0399553     0.0000000     0.0000000
     0.0000000     0.0399553     0.0000000
     0.0000000     0.0000000     0.0399553
----------------------------------------
[loops] Connectivity between nodes [Degree]:
442222442222442222442222442222442222442222442222442222442222442222442222442222442222442222442222442222442222442222442222442222442222442222442222442222442222442222442222442222442222442222442222442222442222442222442222442222442222442222442222442222442222442222442222442222442222442222442222442222442222442222442222442222442222442222442222442222442222442222442222442222442222442222442222442222442222442222442222442222442222442222442222442222442222442222442222442222442222442222442222442222442222442222442222442222442222442222442222442222442222442222442222442222442222442222442222
Repulsive substitution with cost-function:
cost = 1/(s - p0),  p0 = 3.40 10^-10 m, if s >= p0
cost =   10000000.000 if s <  p0
     Crystalographic positions                  Cost     Label
      0.373090       0.553520       0.786710        0.00000
      0.697090       0.375430       0.285090            NaN 229 Al
      0.873090       0.053520       0.786710        0.18954 116 Al
      0.197090       0.875430       0.285090        0.18084 373 Al
      0.876910       0.696480       0.786710        0.17936 104 Al
      0.376910       0.196480       0.786710        0.19106 536 Al
      0.052910       0.374570       0.285090        0.20998 235 Al
      0.552910       0.874570       0.285090        0.22348 379 Al
      0.535090       0.947090       0.624570        0.21889 313 Al
      0.035090       0.447090       0.624570        0.22245 169 Al
      0.946480       0.036710       0.123090        0.22589   2 Al
      0.446480       0.536710       0.123090        0.22811 434 Al
      0.214910       0.802910       0.624570        0.24991 181 Al
      0.714910       0.302910       0.624570        0.24891 325 Al
      0.803520       0.713290       0.123090        0.24717 440 Al
      0.303520       0.213290       0.123090        0.24531   8 Al
      0.873090       0.196480       0.463290        0.29794 254 Al
      0.373090       0.696480       0.463290        0.29574 398 Al
      0.697090       0.874570       0.964910        0.29399  79 Al
      0.197090       0.374570       0.964910        0.29087 511 Al
      0.876910       0.553520       0.463290   476190.75000 242 Al
      0.376910       0.053520       0.463290   454545.75000 386 Al
      0.052910       0.875430       0.964910   434782.87500  73 Al
      0.552910       0.375430       0.964910   416666.90625 505 Al
      0.036710       0.126910       0.303520   400000.25000  62 Al
      0.536710       0.626910       0.303520   384615.62500 494 Al
      0.124570       0.714910       0.802910   370370.62500 205 Al
      0.624570       0.214910       0.802910   357143.09375 349 Al
      0.124570       0.535090       0.447090   344827.84375 193 Al
      0.624570       0.035090       0.447090   333333.59375 337 Al
      0.213290       0.126910       0.946480   322580.87500  68 Al
      0.713290       0.626910       0.946480   312500.21875 500 Al
      0.786710       0.876910       0.696480   303030.53125 128 Al
      0.286710       0.376910       0.696480   294117.87500 560 Al
      0.874570       0.464910       0.197090   285714.50000 271 Al
      0.374570       0.964910       0.197090   277778.00000 415 Al
      0.035090       0.802910       0.625430   270270.50000 175 Al
      0.535090       0.302910       0.625430   263158.12500 319 Al
      0.946480       0.213290       0.126910   256410.46875  20 Al
      0.446480       0.713290       0.126910   250000.21875 452 Al
      0.625430       0.035090       0.802910   243902.65625 343 Al
      0.125430       0.535090       0.802910   238095.45312 199 Al
      0.213290       0.123090       0.303520   232558.35938  56 Al
      0.713290       0.623090       0.303520   227272.95312 488 Al
      0.625430       0.214910       0.447090   222222.43750 355 Al
      0.125430       0.714910       0.447090   217391.51562 211 Al
      0.036710       0.123090       0.946480   212766.17188  50 Al
      0.536710       0.623090       0.946480   208333.53125 482 Al
      0.214910       0.947090       0.125430   204081.82812  43 Al
      0.714910       0.447090       0.125430   200000.21875 475 Al
      0.303520       0.536710       0.626910   196078.65625 158 Al
      0.803520       0.036710       0.626910   192307.90625 302 Al
      0.052910       0.375430       0.464910   188679.46875 217 Al
      0.552910       0.875430       0.464910   185185.40625 361 Al
      0.873090       0.696480       0.963290   181818.40625 110 Al
      0.373090       0.196480       0.963290   178571.64062 542 Al
      0.697090       0.374570       0.464910   175438.82812 223 Al
      0.197090       0.874570       0.464910   172414.03125 367 Al
      0.876910       0.053520       0.963290   169491.76562  98 Al
      0.376910       0.553520       0.963290   166666.90625 530 Al
      0.052910       0.874570       0.785090   163934.64062  91 Al
      0.552910       0.374570       0.785090   161290.54688 523 Al
      0.876910       0.196480       0.286710   158730.37500 248 Al
      0.376910       0.696480       0.286710   156250.20312 392 Al
      0.947090       0.625430       0.714910   153846.35938 163 Al
      0.123090       0.303520       0.213290   156322.96875  32 Al
      0.447090       0.125430       0.714910   158577.82812 307 Al
      0.623090       0.803520       0.213290   160627.42188 464 Al
      0.035090       0.947090       0.124570   162486.87500  25 Al
      0.126910       0.303520       0.036710   164170.06250  38 Al
      0.696480       0.786710       0.876910   165689.87500  80 Al
      0.786710       0.873090       0.053520   167057.96875 140 Al
      0.875430       0.464910       0.552910   168285.26562 265 Al
      0.303520       0.713290       0.623090   169381.78125 152 Al
      0.964910       0.552910       0.375430   170356.71875 241 Al
      0.375430       0.964910       0.552910   171218.65625 409 Al
      0.874570       0.285090       0.552910   171975.48438 283 Al
      0.535090       0.447090       0.124570   172634.46875 457 Al
      0.286710       0.373090       0.053520   173202.40625 572 Al
      0.447090       0.124570       0.535090   423685.56250 289 Al
      0.373090       0.053520       0.286710   421003.31250 404 Al
      0.197090       0.375430       0.785090   418322.81250 517 Al
      0.947090       0.624570       0.535090   415646.37500 145 Al
      0.626910       0.803520       0.036710   412976.00000 470 Al
      0.875430       0.785090       0.697090   410313.59375 133 Al
      0.802910       0.124570       0.714910   410461.90625 301 Al
==============================================
MonteCarlo: Metropolis with identity changes
Si > Al, Al > Si. STOP when occurrence <    0.00000
==============================================
Cost_function     Occurrence %     Scan-Cost
    49247.6211        0.000069  49246.691406
    46511.6406        0.000024  46510.859375
    38303.7109        0.000048  38303.207031
    38303.7109        0.000015  38302.972656
    38303.7109        0.000033  38303.699219
    35567.7305        0.000039  35567.351562
    32831.7500        0.000048  32831.250000
    30095.7754        0.000012  30095.072266
    27359.7988        0.000024  27359.558594
    24623.8145        0.000036  24623.541016
    24623.8125        0.000009  24622.871094
    24623.8125        0.000012  24622.921875
    24623.8125        0.000015  24623.392578
    24623.8125        0.000012  24623.400391
    24623.8125        0.000006  24623.400391
    24623.8125        0.000009  24623.179688
    24623.8125        0.000012  24623.429688
    24623.8125        0.000012  24623.691406
    24623.8125        0.000006  24623.107422
    24623.8125        0.000012  24623.759766
    24623.8125        0.000012  24623.494141
    24623.8125        0.000012  24623.431641
    24623.8125        0.000009  24623.210938
    24623.8125        0.000021  24623.107422
    24623.8125        0.000012  24623.125000
    24623.8125        0.000021  24623.791016
    21887.8340        0.000027  21887.759766
    19151.8574        0.000015  19150.900391
    19151.8574        0.000024  19151.115234
    19151.8574        0.000018  19151.714844
    19151.8555        0.000027  19150.925781
    19151.8555        0.000003  19151.695312
    19151.8555        0.000018  19151.177734
    19151.8555        0.000012  19151.152344
    19151.8555        0.000006  19150.994141
    19151.8555        0.000012  19151.328125
    19151.8555        0.000015  19150.906250
    19151.8555        0.000006  19151.070312
    19151.8555        0.000018  19151.226562
    19151.8555        0.000006  19151.224609
    16415.8848        0.000024  16415.720703
    16415.8770        0.000015  16415.535156
    16415.8770        0.000012  16415.728516
    13679.9082        0.000012  13679.544922
    13679.9082        0.000006  13679.423828
     8207.9717        0.000033   8207.256836
     8207.9707        0.000006   8207.723633
     8207.9707        0.000000   8207.834961
     8207.9707        0.000003   8207.466797
     8207.9707        0.000003   8207.708984
     8207.9707        0.000000   8207.165039
==============================================
geometrical properties of  86 Al:
 distancia media y dispersion
   12.1392250       3.49281883    
 distancia minima media y dispersion
   4.30207300      0.306948364    
 STOP   12.1392250       4.30207300       8207.97070    
