Random Seed:  1079520691
Number of atoms:   576
Space Group:    1
Cell:
    25.0279999    25.0279999    25.0279999    90.0000000    90.0000000    90.0000000
Box:
    25.0279999     0.0000000     0.0000000
     0.0000000    25.0279999     0.0000000
     0.0000000     0.0000000    25.0279999
----------------------------------------
Inverse Box:
     0.0399553     0.0000000     0.0000000
     0.0000000     0.0399553     0.0000000
     0.0000000     0.0000000     0.0399553
----------------------------------------
[loops] Connectivity between nodes [Degree]:
442222442222442222442222442222442222442222442222442222442222442222442222442222442222442222442222442222442222442222442222442222442222442222442222442222442222442222442222442222442222442222442222442222442222442222442222442222442222442222442222442222442222442222442222442222442222442222442222442222442222442222442222442222442222442222442222442222442222442222442222442222442222442222442222442222442222442222442222442222442222442222442222442222442222442222442222442222442222442222442222442222442222442222442222442222442222442222442222442222442222442222442222442222442222442222442222
Repulsive substitution with cost-function:
cost = 1/(s - p0),  p0 = 3.40 10^-10 m, if s >= p0
cost =   10000000.000 if s <  p0
     Crystalographic positions                  Cost     Label
      0.625430       0.214910       0.447090        0.00000
      0.373090       0.053520       0.286710            NaN 404 Al
      0.873090       0.696480       0.963290        0.27816 110 Al
      0.373090       0.553520       0.786710        0.19856 548 Al
      0.876910       0.553520       0.463290        0.20993 242 Al
      0.036710       0.123090       0.946480        0.20562  50 Al
      0.376910       0.696480       0.286710        0.21392 392 Al
      0.536710       0.126910       0.803520        0.22010 350 Al
      0.964910       0.197090       0.374570        0.22326 247 Al
      0.123090       0.803520       0.713290        0.22555 176 Al
      0.623090       0.446480       0.036710        0.22642 458 Al
      0.714910       0.947090       0.625430        0.23515 331 Al
      0.197090       0.374570       0.964910        0.23408 511 Al
      0.623090       0.803520       0.213290   714285.93750 464 Al
      0.123090       0.446480       0.536710   666666.93750 170 Al
      0.126910       0.946480       0.213290   625000.25000  44 Al
      0.375430       0.964910       0.552910   588235.50000 409 Al
      0.874570       0.464910       0.197090   555555.75000 271 Al
      0.785090       0.052910       0.874570   526316.00000 115 Al
      0.375430       0.285090       0.697090   500000.18750 565 Al
      0.125430       0.714910       0.447090   476190.65625 211 Al
      0.625430       0.714910       0.947090   454545.65625 499 Al
      0.302910       0.125430       0.035090   434782.78125   7 Al
      0.625430       0.535090       0.302910   416666.84375 487 Al
      0.803520       0.213290       0.623090   400000.18750 296 Al
      0.947090       0.625430       0.714910   384615.56250 163 Al
      0.123090       0.303520       0.213290   370370.56250  32 Al
      0.052910       0.875430       0.964910   357143.03125  73 Al
      0.375430       0.464910       0.052910   344827.78125 553 Al
      0.552910       0.875430       0.464910   666666.87500 361 Al
      0.302910       0.625430       0.535090   645161.50000 151 Al
      0.552910       0.374570       0.785090   625000.18750 523 Al
      0.875430       0.964910       0.052910   606060.81250 121 Al
      0.125430       0.535090       0.802910   588235.50000 199 Al
      0.946480       0.213290       0.126910   571428.75000  20 Al
      0.697090       0.374570       0.464910   555555.75000 223 Al
      0.963290       0.873090       0.696480   540540.75000 134 Al
      0.446480       0.713290       0.126910   526316.00000 452 Al
      0.196480       0.963290       0.373090   512820.71875 374 Al
      0.697090       0.875430       0.785090   500000.21875  85 Al
      0.802910       0.624570       0.214910   487805.09375 445 Al
      0.447090       0.124570       0.535090   476190.68750 289 Al
      0.963290       0.376910       0.553520   465116.50000 266 Al
      0.285090       0.197090       0.875430   454545.68750 541 Al
      0.286710       0.876910       0.196480   444444.65625 416 Al
      0.053520       0.463290       0.376910   434782.78125 218 Al
      0.785090       0.197090       0.375430   425532.09375 253 Al
      0.374570       0.785090       0.552910   416666.84375 427 Al
      0.374570       0.285090       0.052910   408163.46875 571 Al
      0.697090       0.874570       0.964910   600000.12500  79 Al
      0.197090       0.375430       0.785090   588235.50000 517 Al
      0.624570       0.035090       0.447090   576923.25000 337 Al
      0.697090       0.375430       0.285090   566037.87500 229 Al
      0.213290       0.123090       0.303520   555555.75000  56 Al
      0.535090       0.302910       0.625430   545454.75000 319 Al
      0.463290       0.873090       0.196480   535714.43750 422 Al
      0.535090       0.947090       0.624570   526315.93750 313 Al
      0.964910       0.697090       0.874570   517241.59375 103 Al
      0.947090       0.624570       0.535090   514524.28125 145 Al
      0.302910       0.624570       0.714910   511689.18750 157 Al
      0.802910       0.625430       0.035090   508752.50000 439 Al
      0.464910       0.697090       0.374570   505728.96875 391 Al
      0.464910       0.552910       0.875430   502631.56250 529 Al
      0.124570       0.035090       0.947090   499472.03125  49 Al
      0.036710       0.126910       0.303520   496260.75000  62 Al
      0.964910       0.052910       0.875430   493007.06250  97 Al
      0.874570       0.785090       0.052910   489719.31250 139 Al
      0.214910       0.802910       0.624570   486404.93750 181 Al
      0.126910       0.303520       0.036710   483070.59375  38 Al
      0.785090       0.697090       0.875430   479722.34375 109 Al
      0.785090       0.552910       0.374570   476365.50000 259 Al
      0.803520       0.036710       0.626910   473004.75000 302 Al
      0.624570       0.214910       0.802910   469644.40625 349 Al
      0.214910       0.447090       0.625430   466288.25000 187 Al
      0.464910       0.052910       0.375430   462939.65625 385 Al
      0.124570       0.714910       0.802910   459601.75000 205 Al
      0.285090       0.697090       0.375430   456277.12500 397 Al
      0.447090       0.125430       0.714910   452968.12500 307 Al
      0.535090       0.447090       0.124570   449676.96875 457 Al
      0.624570       0.535090       0.947090   446405.43750 481 Al
      0.035090       0.947090       0.124570   443155.25000  25 Al
      0.053520       0.286710       0.373090   439927.78125 236 Al
      0.285090       0.552910       0.874570   436724.34375 547 Al
      0.303520       0.036710       0.126910   433546.06250  14 Al
      0.875430       0.285090       0.197090   430393.87500 277 Al
      0.464910       0.197090       0.874570   427268.62500 535 Al
==============================================
MonteCarlo: Metropolis with identity changes
Si > Al, Al > Si. STOP when occurrence <    0.00000
==============================================
Cost_function     Occurrence %     Scan-Cost
    41039.6758        0.000121  41038.816406
    41039.6758        0.000042  41039.585938
    38303.6992        0.000039  38302.750000
    35567.7148        0.000063  35567.046875
    21887.8301        0.000033  21887.613281
    21887.8301        0.000015  21887.669922
    19151.8516        0.000012  19151.412109
    13679.8984        0.000024  13679.411133
    10943.9189        0.000009  10943.301758
     8207.9404        0.000024   8207.399414
     5471.9629        0.000066   5471.572266
     5471.9585        0.000066   5471.688477
     2736.0154        0.000051   2735.610596
        0.1650        0.000060     -0.208536
        0.1650        0.000006     -0.705040
        0.1650        0.000018     -0.316134
        0.1650        0.000003     -0.115673
        0.1650        0.000003     -0.505585
        0.1648        0.000009     -0.682886
        0.1648        0.000006     -0.614554
        0.1648        0.000000     -0.329712
        0.1648        0.000003      0.008098
        0.1648        0.000009     -0.139905
        0.1648        0.000000     -0.068758
        0.1648        0.000000     -0.432011
        0.1648        0.000006     -0.170883
        0.1648        0.000003     -0.023033
        0.1648        0.000003     -0.245040
        0.1648        0.000000     -0.065411
        0.1648        0.000000     -0.015841
        0.1648        0.000000     -0.447538
        0.1648        0.000000     -0.080289
        0.1648        0.000003     -0.249095
        0.1648        0.000000      0.093932
        0.1648        0.000000     -0.395921
        0.1648        0.000000     -0.406738
        0.1648        0.000000     -0.049031
        0.1648        0.000003     -0.745904
        0.1648        0.000000      0.072840
        0.1648        0.000000     -0.339758
        0.1648        0.000003     -0.137321
        0.1648        0.000000     -0.331431
        0.1648        0.000003     -0.208323
        0.1648        0.000003     -0.592673
        0.1648        0.000000      0.129515
        0.1648        0.000000     -0.813937
        0.1648        0.000003     -0.824158
        0.1648        0.000000     -0.639359
        0.1648        0.000000     -0.124608
        0.1648        0.000000     -0.670611
        0.1648        0.000003     -0.496914
==============================================
geometrical properties of  86 Al:
 distancia media y dispersion
   12.1470680       3.50219870    
 distancia minima media y dispersion
   4.40146780       8.17050785E-03
 STOP   12.1470680       4.40146780      0.164760366    
