Random Seed:  1090866066
Number of atoms:   576
Space Group:    1
Cell:
    25.0279999    25.0279999    25.0279999    90.0000000    90.0000000    90.0000000
Box:
    25.0279999     0.0000000     0.0000000
     0.0000000    25.0279999     0.0000000
     0.0000000     0.0000000    25.0279999
----------------------------------------
Inverse Box:
     0.0399553     0.0000000     0.0000000
     0.0000000     0.0399553     0.0000000
     0.0000000     0.0000000     0.0399553
----------------------------------------
[loops] Connectivity between nodes [Degree]:
442222442222442222442222442222442222442222442222442222442222442222442222442222442222442222442222442222442222442222442222442222442222442222442222442222442222442222442222442222442222442222442222442222442222442222442222442222442222442222442222442222442222442222442222442222442222442222442222442222442222442222442222442222442222442222442222442222442222442222442222442222442222442222442222442222442222442222442222442222442222442222442222442222442222442222442222442222442222442222442222442222442222442222442222442222442222442222442222442222442222442222442222442222442222442222442222
Repulsive substitution with cost-function:
cost = 1/(s - p0),  p0 = 3.40 10^-10 m, if s >= p0
cost =   10000000.000 if s <  p0
     Crystalographic positions                  Cost     Label
      0.052910       0.374570       0.285090        0.00000
      0.213290       0.123090       0.303520            NaN  56 Al
      0.697090       0.875430       0.785090        0.37319  85 Al
      0.552910       0.374570       0.785090        0.23839 523 Al
      0.536710       0.626910       0.303520        0.22853 494 Al
      0.124570       0.714910       0.802910        0.22589 205 Al
      0.713290       0.126910       0.446480        0.22336 356 Al
      0.196480       0.286710       0.876910        0.22164 512 Al
      0.196480       0.786710       0.376910        0.26600 368 Al
      0.714910       0.802910       0.124570        0.26235 469 Al
      0.964910       0.052910       0.875430        0.25851  97 Al
      0.697090       0.375430       0.285090        0.25892 229 Al
      0.946480       0.536710       0.623090        0.25899 146 Al
      0.446480       0.036710       0.623090        0.25700 290 Al
      0.376910       0.553520       0.963290        0.25496 530 Al
      0.214910       0.947090       0.125430        0.27703  43 Al
      0.303520       0.536710       0.626910        0.27730 158 Al
      0.803520       0.536710       0.126910        0.27696 446 Al
      0.713290       0.123090       0.803520        0.27588 344 Al
      0.947090       0.125430       0.214910        0.27434  19 Al
      0.552910       0.875430       0.464910        0.27463 361 Al
      0.374570       0.285090       0.052910        0.27210 571 Al
      0.963290       0.873090       0.696480   434782.84375 134 Al
      0.786710       0.373090       0.553520   416666.90625 284 Al
      0.463290       0.873090       0.196480   400000.25000 422 Al
      0.873090       0.696480       0.963290   384615.62500 110 Al
      0.124570       0.535090       0.447090   370370.62500 193 Al
      0.375430       0.285090       0.697090   357143.09375 565 Al
      0.624570       0.535090       0.947090   344827.84375 481 Al
      0.286710       0.873090       0.553520   333333.56250 428 Al
      0.963290       0.876910       0.053520   322580.87500 122 Al
      0.785090       0.552910       0.374570   312500.21875 259 Al
      0.464910       0.052910       0.375430   303030.53125 385 Al
      0.126910       0.446480       0.713290   294117.87500 188 Al
      0.803520       0.036710       0.626910   285714.50000 302 Al
      0.535090       0.447090       0.124570   277778.00000 457 Al
      0.464910       0.197090       0.874570   270270.50000 535 Al
      0.035090       0.302910       0.125430   263158.12500  31 Al
      0.373090       0.696480       0.463290   256410.46875 398 Al
      0.124570       0.035090       0.947090   250000.21875  49 Al
      0.964910       0.197090       0.374570   243902.65625 247 Al
      0.625430       0.714910       0.947090   238095.45312 499 Al
      0.626910       0.303520       0.536710   232558.35938 326 Al
      0.876910       0.696480       0.786710   227272.95312 104 Al
      0.446480       0.713290       0.126910   222222.43750 452 Al
      0.302910       0.125430       0.035090   217391.50000   7 Al
      0.126910       0.803520       0.536710   212766.15625 182 Al
      0.964910       0.552910       0.375430   208333.53125 241 Al
      0.373090       0.553520       0.786710   204081.84375 548 Al
      0.947090       0.124570       0.035090   200000.21875   1 Al
      0.963290       0.376910       0.553520   196078.65625 266 Al
      0.196480       0.963290       0.373090   192307.90625 374 Al
      0.214910       0.302910       0.124570   188679.46875  37 Al
      0.697090       0.874570       0.964910   370370.59375  79 Al
      0.196480       0.463290       0.873090   363636.59375 518 Al
      0.803520       0.213290       0.623090   357143.06250 296 Al
      0.875430       0.285090       0.197090   350877.40625 277 Al
      0.946480       0.713290       0.626910   344827.81250 164 Al
      0.376910       0.696480       0.286710   338983.28125 392 Al
      0.552910       0.375430       0.964910   333333.53125 505 Al
      0.303520       0.713290       0.623090   327869.03125 152 Al
      0.624570       0.714910       0.302910   322580.84375 493 Al
      0.302910       0.124570       0.214910   322748.71875  13 Al
      0.053520       0.786710       0.873090   322740.75000  92 Al
      0.626910       0.946480       0.713290   322573.34375 332 Al
      0.623090       0.303520       0.713290   322261.18750 320 Al
      0.124570       0.214910       0.302910   321817.56250  61 Al
      0.125430       0.214910       0.947090   321254.75000  67 Al
      0.213290       0.623090       0.803520   320583.84375 200 Al
      0.785090       0.197090       0.375430   319814.93750 253 Al
      0.126910       0.946480       0.213290   318957.28125  44 Al
      0.785090       0.052910       0.874570   318019.28125 115 Al
      0.786710       0.876910       0.696480   317008.62500 128 Al
      0.447090       0.124570       0.535090   315932.43750 289 Al
      0.123090       0.803520       0.713290   314797.03125 176 Al
      0.036710       0.626910       0.803520   313608.40625 206 Al
      0.802910       0.624570       0.214910   312371.90625 445 Al
      0.875430       0.964910       0.052910   311092.46875 121 Al
      0.874570       0.464910       0.197090   309774.68750 271 Al
      0.624570       0.035090       0.447090   308422.65625 337 Al
      0.625430       0.535090       0.302910   307040.21875 487 Al
      0.285090       0.197090       0.875430   305630.87500 541 Al
      0.375430       0.464910       0.052910   304197.87500 553 Al
      0.123090       0.446480       0.536710   421791.75000 170 Al
      0.286710       0.876910       0.196480   418919.46875 416 Al
      0.447090       0.125430       0.714910   416064.15625 307 Al
==============================================
MonteCarlo: Metropolis with identity changes
Si > Al, Al > Si. STOP when occurrence <    0.00000
==============================================
Cost_function     Occurrence %     Scan-Cost
    54719.5781        0.000096  54719.015625
    43775.6758        0.000069  43774.753906
    35567.7344        0.000033  35567.222656
    32831.7539        0.000021  32831.484375
    32831.7539        0.000033  32831.035156
    32831.7539        0.000042  32830.851562
    27359.8105        0.000021  27359.679688
    24623.8320        0.000033  24622.886719
    24623.8320        0.000015  24623.400391
    24623.8320        0.000009  24623.324219
    24623.8203        0.000024  24623.396484
    24623.8203        0.000009  24623.253906
    24623.8203        0.000009  24623.437500
    24623.8203        0.000003  24623.453125
    24623.8203        0.000018  24623.728516
    24623.8203        0.000015  24623.699219
    24623.8203        0.000012  24623.041016
    24623.8203        0.000015  24623.382812
    24623.8203        0.000006  24623.630859
    24623.8203        0.000012  24623.394531
    24623.8203        0.000009  24623.251953
    24623.8203        0.000009  24623.453125
    24623.8203        0.000018  24622.822266
    21887.8418        0.000024  21887.160156
    21887.8418        0.000012  21887.070312
    19151.8652        0.000015  19151.802734
    19151.8652        0.000012  19151.119141
    19151.8652        0.000003  19151.722656
    19151.8652        0.000009  19151.632812
    16415.9141        0.000030  16415.673828
    16415.9121        0.000006  16415.626953
    13679.9385        0.000015  13679.460938
    13679.9385        0.000000  13679.836914
    13679.9385        0.000000  13679.239258
    13679.9385        0.000003  13679.639648
    13679.9365        0.000012  13679.191406
    13679.9365        0.000000  13679.263672
    13679.9365        0.000003  13679.089844
    13679.9336        0.000018  13679.575195
    13679.9336        0.000003  13679.143555
    10943.9609        0.000006  10943.303711
    10943.9580        0.000003  10943.650391
    10943.9580        0.000000  10943.560547
    10943.9580        0.000000  10943.635742
    10943.9580        0.000000  10943.396484
    10943.9580        0.000000  10943.231445
    10943.9580        0.000000  10943.293945
    10943.9580        0.000000  10943.152344
    10943.9580        0.000000  10942.994141
    10943.9580        0.000000  10943.616211
    10943.9580        0.000000  10943.344727
==============================================
geometrical properties of  86 Al:
 distancia media y dispersion
   12.1437464       3.49048734    
 distancia minima media y dispersion
   4.28445339      0.361990005    
 STOP   12.1437464       4.28445339       10943.9580    
