Random Seed:   992478761
Number of atoms:   576
Space Group:    1
Cell:
    25.0279999    25.0279999    25.0279999    90.0000000    90.0000000    90.0000000
Box:
    25.0279999     0.0000000     0.0000000
     0.0000000    25.0279999     0.0000000
     0.0000000     0.0000000    25.0279999
----------------------------------------
Inverse Box:
     0.0399553     0.0000000     0.0000000
     0.0000000     0.0399553     0.0000000
     0.0000000     0.0000000     0.0399553
----------------------------------------
[loops] Connectivity between nodes [Degree]:
442222442222442222442222442222442222442222442222442222442222442222442222442222442222442222442222442222442222442222442222442222442222442222442222442222442222442222442222442222442222442222442222442222442222442222442222442222442222442222442222442222442222442222442222442222442222442222442222442222442222442222442222442222442222442222442222442222442222442222442222442222442222442222442222442222442222442222442222442222442222442222442222442222442222442222442222442222442222442222442222442222442222442222442222442222442222442222442222442222442222442222442222442222442222442222442222
Repulsive substitution with cost-function:
cost = 1/(s - p0),  p0 = 3.40 10^-10 m, if s >= p0
cost =   10000000.000 if s <  p0
     Crystalographic positions                  Cost     Label
      0.536710       0.126910       0.803520        0.00000
      0.464910       0.552910       0.875430            NaN 529 Al
      0.964910       0.552910       0.375430        0.25409 241 Al
      0.125430       0.035090       0.302910        0.20906  55 Al
      0.964910       0.697090       0.874570        0.20761 103 Al
      0.464910       0.697090       0.374570        0.21005 391 Al
      0.036710       0.123090       0.946480        0.21075  50 Al
      0.625430       0.214910       0.447090        0.22128 355 Al
      0.126910       0.446480       0.713290        0.21994 188 Al
      0.626910       0.803520       0.036710        0.23086 470 Al
      0.875430       0.285090       0.197090        0.23179 277 Al
      0.375430       0.964910       0.552910        0.23634 409 Al
      0.874570       0.964910       0.697090        0.23491 127 Al
      0.374570       0.285090       0.052910        0.23320 571 Al
      0.626910       0.446480       0.213290   666666.93750 476 Al
      0.126910       0.803520       0.536710   625000.25000 182 Al
      0.874570       0.285090       0.552910   588235.56250 283 Al
      0.374570       0.964910       0.197090   555555.75000 415 Al
      0.963290       0.876910       0.053520   526316.00000 122 Al
      0.463290       0.373090       0.696480   500000.21875 566 Al
      0.123090       0.303520       0.213290   476190.65625  32 Al
      0.623090       0.946480       0.536710   454545.68750 314 Al
      0.302910       0.624570       0.714910   434782.81250 157 Al
      0.802910       0.625430       0.035090   416666.87500 439 Al
      0.946480       0.536710       0.623090   400000.18750 146 Al
      0.446480       0.713290       0.126910   384615.56250 452 Al
      0.785090       0.052910       0.874570   370370.56250 115 Al
      0.285090       0.197090       0.875430   357143.03125 541 Al
      0.213290       0.626910       0.446480   344827.78125 212 Al
      0.713290       0.623090       0.303520   333333.53125 488 Al
      0.964910       0.197090       0.374570   322580.84375 247 Al
      0.464910       0.052910       0.375430   312500.18750 385 Al
      0.552910       0.375430       0.964910   303030.50000 505 Al
      0.052910       0.874570       0.785090   294117.84375  91 Al
      0.197090       0.374570       0.964910   285714.43750 511 Al
      0.697090       0.875430       0.785090   555555.75000  85 Al
      0.052910       0.375430       0.464910   540540.75000 217 Al
      0.552910       0.874570       0.285090   526316.00000 379 Al
      0.714910       0.302910       0.624570   512820.71875 325 Al
      0.214910       0.947090       0.125430   500000.21875  43 Al
      0.874570       0.464910       0.197090   487805.09375 271 Al
      0.374570       0.785090       0.552910   476190.68750 427 Al
      0.946480       0.036710       0.123090   465116.50000   2 Al
      0.446480       0.213290       0.626910   454545.68750 308 Al
      0.946480       0.713290       0.626910   444444.65625 164 Al
      0.446480       0.536710       0.123090   434782.78125 434 Al
      0.302910       0.124570       0.214910   425532.09375  13 Al
      0.802910       0.125430       0.535090   416666.84375 295 Al
      0.285090       0.552910       0.874570   408163.46875 547 Al
      0.785090       0.697090       0.875430   400000.18750 109 Al
      0.696480       0.463290       0.373090   392157.06250 230 Al
      0.196480       0.786710       0.376910   384615.56250 368 Al
      0.286710       0.376910       0.696480   377358.68750 560 Al
      0.786710       0.873090       0.053520   370370.56250 140 Al
      0.624570       0.535090       0.947090   363636.56250 481 Al
      0.124570       0.714910       0.802910   357143.03125 205 Al
      0.802910       0.124570       0.714910   350877.37500 301 Al
      0.302910       0.125430       0.035090   344827.78125   7 Al
      0.785090       0.197090       0.375430   338983.25000 253 Al
      0.285090       0.052910       0.374570   333333.53125 403 Al
      0.876910       0.553520       0.463290   327869.03125 242 Al
      0.624570       0.214910       0.802910   328045.28125 349 Al
      0.124570       0.035090       0.947090   328036.84375  49 Al
      0.036710       0.623090       0.446480   327861.06250 194 Al
      0.536710       0.626910       0.303520   327533.65625 494 Al
      0.946480       0.213290       0.126910   327068.84375  20 Al
      0.464910       0.197090       0.874570   326479.56250 535 Al
      0.964910       0.052910       0.875430   325777.59375  97 Al
      0.446480       0.036710       0.623090   324973.62500 290 Al
      0.214910       0.802910       0.624570   324077.50000 181 Al
      0.125430       0.535090       0.802910   323098.06250 199 Al
      0.625430       0.035090       0.802910   322043.43750 343 Al
      0.376910       0.696480       0.286710   320921.00000 392 Al
      0.714910       0.447090       0.125430   319737.59375 475 Al
      0.625430       0.714910       0.947090   318499.37500 499 Al
      0.214910       0.302910       0.124570   317212.00000  37 Al
      0.125430       0.214910       0.947090   445750.81250  67 Al
      0.552910       0.875430       0.464910   442715.21875 361 Al
      0.052910       0.875430       0.964910   439686.93750  73 Al
      0.303520       0.536710       0.626910   436668.34375 158 Al
      0.124570       0.214910       0.302910   433661.56250  61 Al
      0.714910       0.947090       0.625430   430668.50000 331 Al
      0.803520       0.713290       0.123090   427690.96875 440 Al
      0.552910       0.374570       0.785090   424730.31250 523 Al
      0.123090       0.446480       0.536710   421788.06250 170 Al
      0.875430       0.785090       0.697090   418865.28125 133 Al
==============================================
MonteCarlo: Metropolis with identity changes
Si > Al, Al > Si. STOP when occurrence <    0.00000
==============================================
Cost_function     Occurrence %     Scan-Cost
    46511.6289        0.000172  46511.074219
    35567.7188        0.000051  35566.738281
    19151.9160        0.000054  19151.410156
    10943.9971        0.000021  10943.701172
    10943.9932        0.000018  10943.528320
    10943.9736        0.000033  10943.242188
     2736.0542        0.000072   2735.245850
        0.1648        0.000072     -0.258719
        0.1648        0.000003     -0.560395
        0.1647        0.000012      0.015269
        0.1647        0.000006     -0.833060
        0.1647        0.000012     -0.389313
        0.1647        0.000006     -0.036205
        0.1647        0.000024     -0.573518
        0.1647        0.000006     -0.000960
        0.1647        0.000009     -0.028506
        0.1647        0.000006     -0.530599
        0.1647        0.000009      0.060524
        0.1647        0.000006     -0.545341
        0.1647        0.000012     -0.033766
        0.1647        0.000009     -0.322604
        0.1647        0.000009     -0.516368
        0.1647        0.000015     -0.559079
        0.1647        0.000009     -0.618998
        0.1647        0.000000     -0.248367
        0.1647        0.000000     -0.730938
        0.1647        0.000006     -0.736096
        0.1647        0.000009     -0.705452
        0.1647        0.000000     -0.537798
        0.1647        0.000003     -0.022575
        0.1647        0.000009     -0.200739
        0.1647        0.000009     -0.731085
        0.1647        0.000003     -0.391015
        0.1648        0.000012     -0.659772
        0.1647        0.000012     -0.247512
        0.1647        0.000006     -0.692106
        0.1647        0.000009     -0.614184
        0.1647        0.000000     -0.402286
        0.1647        0.000009     -0.062667
        0.1647        0.000003      0.149764
        0.1647        0.000000     -0.660230
        0.1647        0.000000     -0.482199
        0.1647        0.000006     -0.016148
        0.1647        0.000000     -0.645915
        0.1647        0.000012     -0.329816
        0.1647        0.000000     -0.388052
        0.1647        0.000009      0.053127
        0.1647        0.000006     -0.709199
        0.1647        0.000006     -0.774979
        0.1647        0.000009     -0.198906
        0.1647        0.000012     -0.190185
==============================================
geometrical properties of  86 Al:
 distancia media y dispersion
   12.1568890       3.50850844    
 distancia minima media y dispersion
   4.40265083       6.62336918E-03
 STOP   12.1568890       4.40265083      0.164714187    
