Random Seed:  1266413378
Number of atoms:   576
Space Group:    1
Cell:
    25.0279999    25.0279999    25.0279999    90.0000000    90.0000000    90.0000000
Box:
    25.0279999     0.0000000     0.0000000
     0.0000000    25.0279999     0.0000000
     0.0000000     0.0000000    25.0279999
----------------------------------------
Inverse Box:
     0.0399553     0.0000000     0.0000000
     0.0000000     0.0399553     0.0000000
     0.0000000     0.0000000     0.0399553
----------------------------------------
[loops] Connectivity between nodes [Degree]:
442222442222442222442222442222442222442222442222442222442222442222442222442222442222442222442222442222442222442222442222442222442222442222442222442222442222442222442222442222442222442222442222442222442222442222442222442222442222442222442222442222442222442222442222442222442222442222442222442222442222442222442222442222442222442222442222442222442222442222442222442222442222442222442222442222442222442222442222442222442222442222442222442222442222442222442222442222442222442222442222442222442222442222442222442222442222442222442222442222442222442222442222442222442222442222442222
Repulsive substitution with cost-function:
cost = 1/(s - p0),  p0 = 3.40 10^-10 m, if s >= p0
cost =   10000000.000 if s <  p0
     Crystalographic positions                  Cost     Label
      0.623090       0.803520       0.213290        0.00000
      0.786710       0.873090       0.053520            NaN 140 Al
      0.286710       0.376910       0.696480        0.44126 560 Al
      0.786710       0.373090       0.553520        0.25766 284 Al
      0.286710       0.873090       0.553520        0.21276 428 Al
      0.214910       0.302910       0.124570        0.19456  37 Al
      0.786710       0.876910       0.696480  1428571.62500 128 Al
      0.786710       0.376910       0.196480  1250000.12500 272 Al
      0.286710       0.876910       0.196480  1111111.25000 416 Al
      0.552910       0.375430       0.964910  1000000.18750 505 Al
      0.124570       0.714910       0.802910   909091.12500 205 Al
      0.052910       0.375430       0.464910   833333.50000 217 Al
      0.536710       0.123090       0.446480   769230.93750 338 Al
      0.036710       0.123090       0.946480   714285.87500  50 Al
      0.536710       0.126910       0.803520   666666.87500 350 Al
      0.213290       0.626910       0.446480   625000.12500 212 Al
      0.713290       0.626910       0.946480   588235.43750 500 Al
      0.036710       0.126910       0.303520   555555.68750  62 Al
      0.376910       0.553520       0.963290   526315.93750 530 Al
      0.947090       0.624570       0.535090   500000.18750 145 Al
      0.552910       0.875430       0.464910   476190.65625 361 Al
      0.802910       0.124570       0.714910   454545.65625 301 Al
      0.625430       0.535090       0.302910   434782.78125 487 Al
      0.052910       0.875430       0.964910   416666.84375  73 Al
      0.285090       0.197090       0.875430   400000.18750 541 Al
      0.285090       0.052910       0.374570   384615.56250 403 Al
      0.785090       0.197090       0.375430   370370.56250 253 Al
      0.302910       0.624570       0.714910   357143.03125 157 Al
      0.447090       0.625430       0.214910   344827.78125 451 Al
      0.535090       0.302910       0.625430   333333.53125 319 Al
      0.873090       0.553520       0.286710   322580.78125 260 Al
      0.876910       0.696480       0.786710   312500.12500 104 Al
      0.946480       0.213290       0.126910   303030.43750  20 Al
      0.696480       0.963290       0.873090   294117.78125  86 Al
      0.196480       0.463290       0.873090   285714.40625 518 Al
      0.035090       0.802910       0.625430   277777.90625 175 Al
      0.303520       0.036710       0.126910   270270.40625  14 Al
      0.446480       0.036710       0.623090   263158.03125 290 Al
      0.052910       0.374570       0.285090   256410.45312 235 Al
      0.035090       0.947090       0.124570   250000.20312  25 Al
      0.373090       0.696480       0.463290   243902.64062 398 Al
      0.535090       0.447090       0.124570   238095.43750 457 Al
      0.035090       0.447090       0.624570   232558.34375 169 Al
      0.803520       0.713290       0.123090   227272.93750 440 Al
      0.552910       0.374570       0.785090   222222.40625 523 Al
      0.802910       0.125430       0.535090   217391.48438 295 Al
      0.374570       0.285090       0.052910   212766.14062 571 Al
      0.196480       0.786710       0.376910   416666.84375 368 Al
      0.876910       0.053520       0.963290   408163.46875  98 Al
      0.536710       0.623090       0.946480   400000.21875 482 Al
      0.463290       0.873090       0.196480   392157.09375 422 Al
      0.626910       0.946480       0.713290   384615.59375 332 Al
      0.052910       0.874570       0.785090   377358.71875  91 Al
      0.803520       0.536710       0.126910   370370.59375 446 Al
      0.626910       0.803520       0.036710   363636.59375 470 Al
      0.873090       0.696480       0.963290   357143.03125 110 Al
      0.696480       0.786710       0.876910   350877.40625  80 Al
      0.697090       0.374570       0.464910   344827.78125 223 Al
      0.214910       0.447090       0.625430   345032.84375 187 Al
      0.036710       0.626910       0.803520   345022.53125 206 Al
      0.126910       0.303520       0.036710   344818.12500  38 Al
      0.214910       0.802910       0.624570   344438.62500 181 Al
      0.874570       0.285090       0.552910   343901.40625 283 Al
      0.624570       0.714910       0.302910   343222.03125 493 Al
      0.375430       0.285090       0.697090   342414.59375 565 Al
      0.874570       0.964910       0.697090   341491.87500 127 Al
      0.624570       0.035090       0.447090   340465.53125 337 Al
      0.124570       0.535090       0.447090   339346.09375 193 Al
      0.124570       0.035090       0.947090   338143.06250  49 Al
      0.125430       0.035090       0.302910   336865.18750  55 Al
      0.697090       0.375430       0.285090   335520.40625 229 Al
      0.876910       0.553520       0.463290   334115.81250 242 Al
      0.964910       0.197090       0.374570   332658.06250 247 Al
      0.714910       0.302910       0.624570   331153.09375 325 Al
      0.624570       0.214910       0.802910   329606.31250 349 Al
      0.464910       0.052910       0.375430   328022.78125 385 Al
      0.374570       0.464910       0.697090   326407.00000 559 Al
      0.464910       0.197090       0.874570   324763.00000 535 Al
      0.124570       0.214910       0.302910   323094.68750  61 Al
      0.375430       0.464910       0.052910   321405.43750 553 Al
      0.463290       0.876910       0.553520   443155.21875 410 Al
      0.376910       0.696480       0.286710   439927.78125 392 Al
      0.302910       0.124570       0.214910   436724.37500  13 Al
      0.625430       0.214910       0.447090   433546.06250 355 Al
      0.196480       0.286710       0.876910   430393.90625 512 Al
      0.446480       0.713290       0.126910   427268.62500 452 Al
==============================================
MonteCarlo: Metropolis with identity changes
Si > Al, Al > Si. STOP when occurrence <    0.00000
==============================================
Cost_function     Occurrence %     Scan-Cost
    54719.5703        0.000075  54719.003906
    43775.6602        0.000090  43774.972656
    32831.7383        0.000112  32831.578125
    30095.7598        0.000042  30095.111328
    13679.9424        0.000054  13679.640625
    13679.9404        0.000012  13679.416992
    10943.9609        0.000021  10943.147461
     8208.0098        0.000030   8207.482422
     8208.0078        0.000012   8207.746094
     5472.0132        0.000006   5471.613281
     5472.0132        0.000000   5471.259277
     5472.0132        0.000000   5471.430176
     5472.0127        0.000003   5471.109863
     5472.0127        0.000000   5471.182617
     5472.0127        0.000000   5471.499023
     5472.0127        0.000000   5471.522461
     5472.0127        0.000000   5471.218750
     5472.0127        0.000003   5471.203125
     5472.0127        0.000000   5471.051758
     5472.0127        0.000000   5471.987305
     5472.0127        0.000000   5471.889160
     5472.0127        0.000000   5471.968262
     5472.0127        0.000000   5471.386230
     5472.0127        0.000000   5471.111816
     5472.0127        0.000000   5471.369141
     5472.0127        0.000000   5471.266602
     5472.0127        0.000000   5471.383301
     5472.0127        0.000000   5471.920898
     5472.0127        0.000000   5471.144531
     5472.0127        0.000000   5471.417480
     5472.0127        0.000000   5471.225586
     5472.0127        0.000000   5471.166504
     5472.0127        0.000000   5471.430176
     5472.0127        0.000000   5471.667969
     5472.0127        0.000000   5471.027344
     5472.0127        0.000000   5471.467285
     5472.0127        0.000000   5471.251953
     5472.0127        0.000000   5471.959961
     5472.0127        0.000000   5471.499023
     5472.0127        0.000000   5471.492188
     5472.0127        0.000000   5471.834473
     5472.0127        0.000000   5471.654785
     5472.0127        0.000000   5471.065430
     5472.0127        0.000000   5471.461426
     5472.0127        0.000000   5471.515625
     5472.0127        0.000000   5471.060059
     5472.0127        0.000000   5471.400391
     5472.0127        0.000000   5471.295898
     5472.0127        0.000000   5471.080566
     5472.0127        0.000000   5471.617676
     5472.0127        0.000000   5471.241699
==============================================
geometrical properties of  86 Al:
 distancia media y dispersion
   12.1240473       3.49812269    
 distancia minima media y dispersion
   4.35746717      0.291228563    
 STOP   12.1240473       4.35746717       5472.01270    
