Random Seed:  1096707725
Number of atoms:   576
Space Group:    1
Cell:
    25.0279999    25.0279999    25.0279999    90.0000000    90.0000000    90.0000000
Box:
    25.0279999     0.0000000     0.0000000
     0.0000000    25.0279999     0.0000000
     0.0000000     0.0000000    25.0279999
----------------------------------------
Inverse Box:
     0.0399553     0.0000000     0.0000000
     0.0000000     0.0399553     0.0000000
     0.0000000     0.0000000     0.0399553
----------------------------------------
[loops] Connectivity between nodes [Degree]:
442222442222442222442222442222442222442222442222442222442222442222442222442222442222442222442222442222442222442222442222442222442222442222442222442222442222442222442222442222442222442222442222442222442222442222442222442222442222442222442222442222442222442222442222442222442222442222442222442222442222442222442222442222442222442222442222442222442222442222442222442222442222442222442222442222442222442222442222442222442222442222442222442222442222442222442222442222442222442222442222442222442222442222442222442222442222442222442222442222442222442222442222442222442222442222442222
Repulsive substitution with cost-function:
cost = 1/(s - p0),  p0 = 3.40 10^-10 m, if s >= p0
cost =   10000000.000 if s <  p0
     Crystalographic positions                  Cost     Label
      0.785090       0.697090       0.875430        0.00000
      0.786710       0.873090       0.053520            NaN 140 Al
      0.285090       0.052910       0.374570        0.39962 403 Al
      0.285090       0.197090       0.875430        0.23369 541 Al
      0.696480       0.463290       0.373090        0.25023 230 Al
      0.213290       0.626910       0.446480        0.23217 212 Al
      0.802910       0.125430       0.535090        0.22727 295 Al
      0.285090       0.552910       0.874570        0.21991 547 Al
      0.946480       0.213290       0.126910        0.24400  20 Al
      0.553520       0.786710       0.373090        0.25004 380 Al
      0.624570       0.214910       0.802910        0.24834 349 Al
      0.123090       0.803520       0.713290        0.24944 176 Al
      0.052910       0.375430       0.464910        0.24794 217 Al
      0.446480       0.536710       0.123090        0.24903 434 Al
      0.123090       0.946480       0.036710        0.26759  26 Al
      0.535090       0.947090       0.624570        0.26734 313 Al
      0.803520       0.536710       0.126910        0.26442 446 Al
      0.946480       0.536710       0.623090        0.26388 146 Al
      0.303520       0.213290       0.123090        0.26278   8 Al
      0.463290       0.373090       0.696480        0.30778 566 Al
      0.873090       0.053520       0.786710        0.30726 116 Al
      0.375430       0.785090       0.197090        0.30385 421 Al
      0.536710       0.123090       0.446480        0.30256 338 Al
      0.036710       0.126910       0.303520        0.30066  62 Al
      0.624570       0.535090       0.947090        0.30045 481 Al
      0.286710       0.873090       0.553520        0.30106 428 Al
      0.126910       0.446480       0.713290        0.29833 188 Al
      0.786710       0.876910       0.696480        0.29909 128 Al
      0.964910       0.552910       0.375430        0.29634 241 Al
      0.126910       0.303520       0.036710        0.29540  38 Al
      0.786710       0.373090       0.553520        0.32404 284 Al
      0.197090       0.875430       0.285090        0.32128 373 Al
      0.696480       0.963290       0.873090        0.31943  86 Al
      0.303520       0.536710       0.626910        0.31749 158 Al
      0.447090       0.125430       0.714910        0.31668 307 Al
      0.623090       0.803520       0.213290        0.31624 464 Al
      0.964910       0.697090       0.874570        0.31473 103 Al
      0.463290       0.376910       0.053520        0.31380 554 Al
      0.036710       0.123090       0.946480        0.33520  50 Al
      0.785090       0.197090       0.375430        0.33523 253 Al
      0.786710       0.376910       0.196480        0.33310 272 Al
      0.303520       0.036710       0.126910        0.33191  14 Al
      0.946480       0.713290       0.626910        0.33272 164 Al
      0.373090       0.696480       0.463290        0.33096 398 Al
      0.052910       0.374570       0.285090        0.32983 235 Al
      0.713290       0.623090       0.303520        0.33099 488 Al
      0.464910       0.552910       0.875430        0.32979 529 Al
      0.626910       0.303520       0.536710        0.33147 326 Al
      0.946480       0.036710       0.123090        0.33013   2 Al
      0.625430       0.714910       0.947090        0.32933 499 Al
      0.553520       0.963290       0.376910        0.32868 362 Al
      0.053520       0.963290       0.876910        0.32757  74 Al
      0.126910       0.803520       0.536710        0.32695 182 Al
      0.464910       0.197090       0.874570        0.32577 535 Al
      0.803520       0.713290       0.123090        0.32755 440 Al
      0.286710       0.376910       0.696480        0.32666 560 Al
      0.536710       0.626910       0.303520        0.32750 494 Al
      0.286710       0.373090       0.053520        0.32749 572 Al
      0.626910       0.446480       0.213290   508474.81250 476 Al
      0.963290       0.873090       0.696480   500000.21875 134 Al
      0.963290       0.876910       0.053520   491803.46875 122 Al
      0.303520       0.713290       0.623090   483871.15625 152 Al
      0.876910       0.053520       0.963290   476190.68750  98 Al
      0.213290       0.123090       0.303520   468750.21875  56 Al
      0.213290       0.126910       0.946480   466498.90625  68 Al
      0.213290       0.623090       0.803520   464160.96875 200 Al
      0.376910       0.053520       0.463290   461747.31250 386 Al
      0.124570       0.535090       0.447090   459267.90625 193 Al
      0.803520       0.213290       0.623090   456731.75000 296 Al
      0.196480       0.286710       0.876910   454146.93750 512 Al
      0.963290       0.376910       0.553520   451520.81250 266 Al
      0.623090       0.946480       0.536710   448859.87500 314 Al
      0.126910       0.946480       0.213290   446170.25000  44 Al
      0.623090       0.303520       0.713290   443457.21875 320 Al
      0.447090       0.624570       0.035090   440725.68750 433 Al
      0.713290       0.123090       0.803520   437980.15625 344 Al
      0.964910       0.197090       0.374570   435224.50000 247 Al
      0.463290       0.873090       0.196480   432462.31250 422 Al
      0.803520       0.036710       0.626910   429696.93750 302 Al
      0.196480       0.463290       0.873090   426931.25000 518 Al
      0.876910       0.553520       0.463290   424167.90625 242 Al
      0.376910       0.696480       0.286710   421409.28125 392 Al
      0.373090       0.053520       0.286710   418657.56250 404 Al
      0.463290       0.876910       0.553520   415914.59375 410 Al
      0.036710       0.626910       0.803520   413182.21875 206 Al
      0.623090       0.446480       0.036710   410461.93750 458 Al
==============================================
MonteCarlo: Metropolis with identity changes
Si > Al, Al > Si. STOP when occurrence <    0.00000
==============================================
Cost_function     Occurrence %     Scan-Cost
    49247.6133        0.000102  49247.582031
    27359.8320        0.000063  27359.585938
    16415.9297        0.000042  16415.326172
    10943.9727        0.000027  10943.499023
     5472.0171        0.000021   5471.041016
     5472.0146        0.000012   5471.853027
     2736.0425        0.000006   2735.916992
        0.1662        0.000006      0.001835
        0.1662        0.000000      0.034394
        0.1662        0.000000     -0.699833
        0.1662        0.000000     -0.001850
        0.1661        0.000003     -0.627012
        0.1660        0.000003      0.048821
        0.1660        0.000003      0.008909
        0.1660        0.000000     -0.466501
        0.1660        0.000000      0.063208
        0.1660        0.000000     -0.505593
        0.1660        0.000000     -0.297882
        0.1660        0.000000     -0.267478
        0.1660        0.000000      0.143496
        0.1660        0.000000     -0.800043
        0.1660        0.000000     -0.572190
        0.1660        0.000000     -0.649543
        0.1660        0.000000     -0.682248
        0.1660        0.000000     -0.529586
        0.1660        0.000000     -0.317754
        0.1660        0.000000     -0.235969
        0.1660        0.000000     -0.496740
        0.1660        0.000000      0.068680
        0.1660        0.000000     -0.587280
        0.1660        0.000000     -0.737875
        0.1660        0.000000     -0.779784
        0.1660        0.000000      0.074124
        0.1660        0.000000      0.008013
        0.1660        0.000000     -0.373729
        0.1660        0.000000      0.062586
        0.1660        0.000000     -0.601462
        0.1660        0.000000     -0.617879
        0.1660        0.000000     -0.488621
        0.1660        0.000000      0.016858
        0.1660        0.000000     -0.724694
        0.1660        0.000000     -0.405138
        0.1660        0.000000     -0.127811
        0.1660        0.000000      0.112406
        0.1660        0.000000     -0.196784
        0.1660        0.000000     -0.029045
        0.1660        0.000000     -0.240162
        0.1660        0.000000     -0.468129
        0.1660        0.000000     -0.466630
        0.1660        0.000000     -0.332303
        0.1660        0.000000     -0.345149
==============================================
geometrical properties of  86 Al:
 distancia media y dispersion
   12.1345167       3.50354695    
 distancia minima media y dispersion
   4.38440180       8.28640722E-03
 STOP   12.1345167       4.38440180      0.165954977    
