Random Seed:  1128648603
Number of atoms:   576
Space Group:    1
Cell:
    25.0279999    25.0279999    25.0279999    90.0000000    90.0000000    90.0000000
Box:
    25.0279999     0.0000000     0.0000000
     0.0000000    25.0279999     0.0000000
     0.0000000     0.0000000    25.0279999
----------------------------------------
Inverse Box:
     0.0399553     0.0000000     0.0000000
     0.0000000     0.0399553     0.0000000
     0.0000000     0.0000000     0.0399553
----------------------------------------
[loops] Connectivity between nodes [Degree]:
442222442222442222442222442222442222442222442222442222442222442222442222442222442222442222442222442222442222442222442222442222442222442222442222442222442222442222442222442222442222442222442222442222442222442222442222442222442222442222442222442222442222442222442222442222442222442222442222442222442222442222442222442222442222442222442222442222442222442222442222442222442222442222442222442222442222442222442222442222442222442222442222442222442222442222442222442222442222442222442222442222442222442222442222442222442222442222442222442222442222442222442222442222442222442222442222
Repulsive substitution with cost-function:
cost = 1/(s - p0),  p0 = 3.40 10^-10 m, if s >= p0
cost =   10000000.000 if s <  p0
     Crystalographic positions                  Cost     Label
      0.697090       0.375430       0.285090        0.00000
      0.213290       0.623090       0.803520            NaN 200 Al
      0.213290       0.123090       0.303520        0.16653  56 Al
      0.697090       0.875430       0.785090        0.19683  85 Al
      0.552910       0.874570       0.285090        0.18733 379 Al
      0.552910       0.374570       0.785090        0.19457 523 Al
      0.036710       0.123090       0.946480        0.20639  50 Al
      0.036710       0.623090       0.446480        0.21779 194 Al
      0.802910       0.125430       0.535090        0.21696 295 Al
      0.802910       0.625430       0.035090        0.21820 439 Al
      0.286710       0.873090       0.553520        0.21990 428 Al
      0.286710       0.373090       0.053520        0.21918 572 Al
      0.447090       0.625430       0.214910   769231.00000 451 Al
      0.447090       0.125430       0.714910   714285.93750 307 Al
      0.963290       0.876910       0.053520   666666.87500 122 Al
      0.963290       0.376910       0.553520   625000.18750 266 Al
      0.963290       0.873090       0.696480   588235.50000 134 Al
      0.963290       0.373090       0.196480   555555.75000 278 Al
      0.286710       0.876910       0.196480   526316.00000 416 Al
      0.286710       0.376910       0.696480   500000.18750 560 Al
      0.536710       0.123090       0.446480   476190.65625 338 Al
      0.536710       0.623090       0.946480   454545.65625 482 Al
      0.713290       0.123090       0.803520   434782.78125 344 Al
      0.713290       0.623090       0.303520   416666.84375 488 Al
      0.947090       0.125430       0.214910   400000.18750  19 Al
      0.947090       0.625430       0.714910   384615.56250 163 Al
      0.302910       0.125430       0.035090   370370.56250   7 Al
      0.302910       0.625430       0.535090   357143.06250 151 Al
      0.626910       0.303520       0.536710   344827.81250 326 Al
      0.626910       0.803520       0.036710   333333.53125 470 Al
      0.623090       0.946480       0.536710   322580.84375 314 Al
      0.623090       0.446480       0.036710   312500.18750 458 Al
      0.196480       0.786710       0.376910   303030.50000 368 Al
      0.196480       0.286710       0.876910   294117.84375 512 Al
      0.053520       0.786710       0.873090   285714.46875  92 Al
      0.053520       0.286710       0.373090   277777.96875 236 Al
      0.876910       0.053520       0.963290   270270.46875  98 Al
      0.876910       0.553520       0.463290   263158.09375 242 Al
      0.464910       0.697090       0.374570   256410.46875 391 Al
      0.464910       0.197090       0.874570   250000.21875 535 Al
      0.376910       0.053520       0.463290   243902.67188 386 Al
      0.376910       0.553520       0.963290   238095.46875 530 Al
      0.785090       0.697090       0.875430   232558.35938 109 Al
      0.785090       0.197090       0.375430   227272.95312 253 Al
      0.126910       0.946480       0.213290   222222.42188  44 Al
      0.126910       0.446480       0.713290   217391.50000 188 Al
      0.123090       0.803520       0.713290   212766.15625 176 Al
      0.123090       0.303520       0.213290   208333.53125  32 Al
      0.786710       0.873090       0.053520   204081.84375 140 Al
      0.786710       0.373090       0.553520   200000.21875 284 Al
      0.463290       0.876910       0.553520   196078.65625 410 Al
      0.463290       0.376910       0.053520   192307.90625 554 Al
      0.873090       0.553520       0.286710   377358.71875 260 Al
      0.873090       0.053520       0.786710   370370.59375 116 Al
      0.373090       0.053520       0.286710   363636.59375 404 Al
      0.373090       0.553520       0.786710   357143.06250 548 Al
      0.123090       0.946480       0.036710   350877.40625  26 Al
      0.123090       0.446480       0.536710   344827.81250 170 Al
      0.126910       0.303520       0.036710   338983.28125  38 Al
      0.126910       0.803520       0.536710   333333.53125 182 Al
      0.053520       0.963290       0.876910   327869.03125  74 Al
      0.053520       0.463290       0.376910   322580.84375 218 Al
      0.196480       0.463290       0.873090   317460.50000 518 Al
      0.196480       0.963290       0.373090   312500.18750 374 Al
      0.696480       0.963290       0.873090   307692.50000  86 Al
      0.786710       0.876910       0.696480   307838.09375 128 Al
      0.696480       0.463290       0.373090   307831.56250 230 Al
      0.786710       0.376910       0.196480   307686.28125 272 Al
      0.623090       0.303520       0.713290   307414.40625 320 Al
      0.463290       0.873090       0.196480   307027.25000 422 Al
      0.803520       0.213290       0.623090   306534.96875 296 Al
      0.446480       0.213290       0.626910   305946.87500 308 Al
      0.553520       0.963290       0.376910   305271.56250 362 Al
      0.803520       0.713290       0.123090   304516.93750 440 Al
      0.446480       0.713290       0.126910   303690.06250 452 Al
      0.623090       0.803520       0.213290   302797.62500 464 Al
      0.626910       0.946480       0.713290   301845.62500 332 Al
      0.303520       0.213290       0.123090   300839.59375   8 Al
      0.626910       0.446480       0.213290   426366.93750 476 Al
      0.553520       0.463290       0.876910   423685.56250 506 Al
      0.946480       0.213290       0.126910   421003.31250  20 Al
      0.285090       0.697090       0.375430   418322.84375 397 Al
      0.964910       0.697090       0.874570   415646.40625 103 Al
      0.946480       0.536710       0.623090   412976.00000 146 Al
      0.303520       0.536710       0.626910   410313.59375 158 Al
      0.964910       0.197090       0.374570   407660.78125 247 Al
==============================================
MonteCarlo: Metropolis with identity changes
Si > Al, Al > Si. STOP when occurrence <    0.00000
==============================================
Cost_function     Occurrence %     Scan-Cost
    35567.7148        0.000121  35567.191406
    16415.8789        0.000084  16414.939453
     2736.1182        0.000060   2735.920410
        0.1659        0.000030     -0.325475
        0.1658        0.000012     -0.710308
        0.1658        0.000009      0.010567
        0.1659        0.000009     -0.533662
        0.1659        0.000006     -0.170143
        0.1659        0.000015     -0.415197
        0.1658        0.000006     -0.801887
        0.1658        0.000003     -0.397144
        0.1658        0.000000      0.051866
        0.1658        0.000006     -0.331498
        0.1658        0.000000     -0.219288
        0.1658        0.000003     -0.600782
        0.1658        0.000000     -0.538237
        0.1658        0.000006     -0.804584
        0.1658        0.000000      0.161683
        0.1658        0.000000     -0.763529
        0.1658        0.000000     -0.783024
        0.1658        0.000000      0.045608
        0.1658        0.000003     -0.719904
        0.1658        0.000006     -0.477844
        0.1658        0.000003     -0.736378
        0.1658        0.000003     -0.070476
        0.1658        0.000000     -0.790942
        0.1658        0.000000      0.058458
        0.1658        0.000000      0.057595
        0.1658        0.000006     -0.589889
        0.1658        0.000000     -0.307020
        0.1658        0.000000     -0.017144
        0.1658        0.000009     -0.536101
        0.1658        0.000009     -0.781840
        0.1658        0.000003     -0.833707
        0.1658        0.000000     -0.080883
        0.1658        0.000000     -0.749832
        0.1658        0.000006      0.011576
        0.1658        0.000000     -0.633537
        0.1658        0.000000     -0.344447
        0.1659        0.000012     -0.803458
        0.1659        0.000012     -0.295152
        0.1658        0.000006     -0.237200
        0.1658        0.000003     -0.080837
        0.1658        0.000012     -0.743358
        0.1658        0.000003      0.091292
        0.1658        0.000000     -0.466024
        0.1658        0.000003     -0.098318
        0.1658        0.000006      0.018313
        0.1658        0.000006     -0.169666
        0.1658        0.000009     -0.209264
        0.1659        0.000024     -0.810561
==============================================
geometrical properties of  86 Al:
 distancia media y dispersion
   12.1478786       3.50635934    
 distancia minima media y dispersion
   4.40377140      0.198023185    
 STOP   12.1478786       4.40377140      0.165882871    
