Random Seed:   777053929
Number of atoms:   576
Space Group:    1
Cell:
    25.0279999    25.0279999    25.0279999    90.0000000    90.0000000    90.0000000
Box:
    25.0279999     0.0000000     0.0000000
     0.0000000    25.0279999     0.0000000
     0.0000000     0.0000000    25.0279999
----------------------------------------
Inverse Box:
     0.0399553     0.0000000     0.0000000
     0.0000000     0.0399553     0.0000000
     0.0000000     0.0000000     0.0399553
----------------------------------------
[loops] Connectivity between nodes [Degree]:
442222442222442222442222442222442222442222442222442222442222442222442222442222442222442222442222442222442222442222442222442222442222442222442222442222442222442222442222442222442222442222442222442222442222442222442222442222442222442222442222442222442222442222442222442222442222442222442222442222442222442222442222442222442222442222442222442222442222442222442222442222442222442222442222442222442222442222442222442222442222442222442222442222442222442222442222442222442222442222442222442222442222442222442222442222442222442222442222442222442222442222442222442222442222442222442222
Repulsive substitution with cost-function:
cost = 1/(s - p0),  p0 = 3.40 10^-10 m, if s >= p0
cost =   10000000.000 if s <  p0
     Crystalographic positions                  Cost     Label
      0.196480       0.963290       0.373090        0.00000
      0.373090       0.053520       0.286710            NaN 404 Al
      0.785090       0.697090       0.875430        0.58002 109 Al
      0.285090       0.552910       0.874570        0.29678 547 Al
      0.785090       0.552910       0.374570        0.28426 259 Al
      0.713290       0.123090       0.803520        0.24979 344 Al
      0.285090       0.197090       0.875430        0.23497 541 Al
      0.785090       0.197090       0.375430        0.26278 253 Al
      0.213290       0.626910       0.446480        0.25428 212 Al
      0.053520       0.963290       0.876910        0.25152  74 Al
      0.623090       0.446480       0.036710        0.25096 458 Al
      0.553520       0.786710       0.373090        0.25735 380 Al
      0.123090       0.303520       0.213290        0.25469  32 Al
      0.035090       0.447090       0.624570        0.27385 169 Al
      0.535090       0.302910       0.625430        0.27206 319 Al
      0.714910       0.802910       0.124570        0.27039 469 Al
      0.535090       0.947090       0.624570        0.26756 313 Al
      0.035090       0.802910       0.625430        0.26479 175 Al
      0.946480       0.036710       0.123090        0.26222   2 Al
      0.446480       0.713290       0.126910        0.26192 452 Al
      0.874570       0.464910       0.197090        0.26396 271 Al
      0.286710       0.376910       0.696480        0.26531 560 Al
      0.786710       0.876910       0.696480        0.26845 128 Al
      0.374570       0.285090       0.052910        0.26634 571 Al
      0.786710       0.373090       0.553520   400000.25000 284 Al
      0.214910       0.947090       0.125430   384615.62500  43 Al
      0.303520       0.713290       0.623090   370370.62500 152 Al
      0.036710       0.626910       0.803520   357143.09375 206 Al
      0.536710       0.123090       0.446480   344827.84375 338 Al
      0.553520       0.286710       0.873090   333333.56250 524 Al
      0.053520       0.463290       0.376910   322580.87500 218 Al
      0.536710       0.623090       0.946480   312500.21875 482 Al
      0.036710       0.126910       0.303520   303030.53125  62 Al
      0.697090       0.375430       0.285090   294117.87500 229 Al
      0.197090       0.374570       0.964910   285714.50000 511 Al
      0.447090       0.125430       0.714910   555555.75000 307 Al
      0.874570       0.785090       0.052910   540540.75000 139 Al
      0.947090       0.624570       0.535090   526316.00000 145 Al
      0.802910       0.125430       0.535090   512820.71875 295 Al
      0.376910       0.696480       0.286710   500000.21875 392 Al
      0.036710       0.123090       0.946480   487805.09375  50 Al
      0.696480       0.963290       0.873090   476190.71875  86 Al
      0.286710       0.873090       0.553520   465116.53125 428 Al
      0.446480       0.536710       0.123090   454545.71875 434 Al
      0.875430       0.285090       0.197090   444444.65625 277 Al
      0.463290       0.873090       0.196480   434782.84375 422 Al
      0.873090       0.053520       0.786710   425532.12500 116 Al
      0.303520       0.536710       0.626910   416666.87500 158 Al
      0.053520       0.786710       0.873090   408163.46875  92 Al
      0.625430       0.535090       0.302910   400000.21875 487 Al
      0.302910       0.125430       0.035090   392157.09375   7 Al
      0.802910       0.625430       0.035090   384615.59375 439 Al
      0.376910       0.053520       0.463290   377358.71875 386 Al
      0.196480       0.786710       0.376910   370370.59375 368 Al
      0.553520       0.463290       0.876910   363636.59375 506 Al
      0.553520       0.963290       0.376910   357143.06250 362 Al
      0.053520       0.286710       0.373090   350877.40625 236 Al
      0.876910       0.053520       0.963290   344827.81250  98 Al
      0.802910       0.624570       0.214910   338983.28125 445 Al
      0.213290       0.123090       0.303520   333333.53125  56 Al
      0.373090       0.696480       0.463290   327869.03125 398 Al
      0.696480       0.786710       0.876910   322580.84375  80 Al
      0.876910       0.696480       0.786710   322748.62500 104 Al
      0.213290       0.623090       0.803520   322740.78125 200 Al
      0.624570       0.714910       0.302910   322573.37500 493 Al
      0.035090       0.302910       0.125430   322261.18750  31 Al
      0.376910       0.553520       0.963290   321817.53125 530 Al
      0.035090       0.947090       0.124570   321254.75000  25 Al
      0.963290       0.873090       0.696480   320583.84375 134 Al
      0.123090       0.446480       0.536710   319814.90625 170 Al
      0.214910       0.302910       0.124570   318957.28125  37 Al
      0.623090       0.946480       0.536710   456908.15625 314 Al
      0.623090       0.303520       0.713290   453994.93750 320 Al
      0.126910       0.446480       0.713290   451067.53125 188 Al
      0.963290       0.376910       0.553520   448130.31250 266 Al
      0.626910       0.803520       0.036710   445187.34375 470 Al
      0.697090       0.374570       0.464910   442242.03125 223 Al
      0.123090       0.803520       0.713290   439297.56250 176 Al
      0.286710       0.876910       0.196480   436356.93750 416 Al
      0.625430       0.214910       0.447090   433422.62500 355 Al
      0.714910       0.447090       0.125430   430497.00000 475 Al
      0.373090       0.553520       0.786710   427582.09375 548 Al
      0.375430       0.285090       0.697090   424679.81250 565 Al
      0.626910       0.946480       0.713290   421791.75000 332 Al
      0.126910       0.803520       0.536710   418919.40625 182 Al
      0.964910       0.552910       0.375430   416064.12500 241 Al
==============================================
MonteCarlo: Metropolis with identity changes
Si > Al, Al > Si. STOP when occurrence <    0.00000
==============================================
Cost_function     Occurrence %     Scan-Cost
    43775.6484        0.000127  43775.257812
    24623.8379        0.000096  24622.902344
    19151.8770        0.000042  19151.115234
    13679.9170        0.000042  13679.760742
    10943.9385        0.000009  10942.962891
    10943.9385        0.000000  10943.244141
    10943.9346        0.000021  10943.641602
    10943.9336        0.000021  10943.781250
    10943.9336        0.000009  10943.272461
    10943.9336        0.000021  10942.954102
    10943.9326        0.000021  10943.326172
    10943.9326        0.000003  10943.027344
    10943.9326        0.000003  10942.977539
     8207.9707        0.000012   8207.491211
     5472.0088        0.000021   5471.441895
     5472.0029        0.000033   5471.997070
     5472.0029        0.000000   5471.613281
     5472.0029        0.000000   5471.076660
     2736.1389        0.000006   2735.734375
     2736.0122        0.000033   2735.331055
     2736.0120        0.000030   2735.686768
        0.1660        0.000033     -0.704651
        0.1660        0.000018     -0.128621
        0.1660        0.000006     -0.628196
        0.1659        0.000009     -0.051105
        0.1659        0.000018     -0.565259
        0.1659        0.000003     -0.249483
        0.1659        0.000006     -0.797699
        0.1659        0.000012     -0.727052
        0.1659        0.000009     -0.302708
        0.1659        0.000006     -0.687558
        0.1659        0.000009     -0.628243
        0.1659        0.000012     -0.759439
        0.1659        0.000000     -0.744006
        0.1659        0.000000     -0.249475
        0.1659        0.000000     -0.622392
        0.1659        0.000000     -0.159376
        0.1659        0.000006     -0.144399
        0.1659        0.000009     -0.128706
        0.1659        0.000003     -0.591846
        0.1659        0.000003      0.150681
        0.1659        0.000000     -0.534394
        0.1659        0.000006     -0.252518
        0.1659        0.000000     -0.413081
        0.1659        0.000006     -0.246126
        0.1659        0.000000     -0.748748
        0.1659        0.000000      0.127708
        0.1659        0.000003      0.016828
        0.1659        0.000000     -0.636259
        0.1659        0.000006     -0.556144
        0.1659        0.000000      0.040511
==============================================
geometrical properties of  86 Al:
 distancia media y dispersion
   12.1529808       3.51272011    
 distancia minima media y dispersion
   4.42524242      0.278332293    
 STOP   12.1529808       4.42524242      0.165883273    
