Random Seed:  1176371677
Number of atoms:   576
Space Group:    1
Cell:
    25.0279999    25.0279999    25.0279999    90.0000000    90.0000000    90.0000000
Box:
    25.0279999     0.0000000     0.0000000
     0.0000000    25.0279999     0.0000000
     0.0000000     0.0000000    25.0279999
----------------------------------------
Inverse Box:
     0.0399553     0.0000000     0.0000000
     0.0000000     0.0399553     0.0000000
     0.0000000     0.0000000     0.0399553
----------------------------------------
[loops] Connectivity between nodes [Degree]:
442222442222442222442222442222442222442222442222442222442222442222442222442222442222442222442222442222442222442222442222442222442222442222442222442222442222442222442222442222442222442222442222442222442222442222442222442222442222442222442222442222442222442222442222442222442222442222442222442222442222442222442222442222442222442222442222442222442222442222442222442222442222442222442222442222442222442222442222442222442222442222442222442222442222442222442222442222442222442222442222442222442222442222442222442222442222442222442222442222442222442222442222442222442222442222442222
Repulsive substitution with cost-function:
cost = 1/(s - p0),  p0 = 3.40 10^-10 m, if s >= p0
cost =   10000000.000 if s <  p0
     Crystalographic positions                  Cost     Label
      0.786710       0.376910       0.196480        0.00000
      0.697090       0.875430       0.785090            NaN  85 Al
      0.197090       0.875430       0.285090        0.13566 373 Al
      0.286710       0.376910       0.696480        0.14242 560 Al
      0.786710       0.373090       0.553520        0.16504 284 Al
      0.286710       0.373090       0.053520        0.17678 572 Al
      0.052910       0.874570       0.785090  1428571.62500  91 Al
      0.552910       0.874570       0.285090  1250000.25000 379 Al
      0.303520       0.713290       0.623090  1111111.37500 152 Al
      0.803520       0.713290       0.123090  1000000.18750 440 Al
      0.124570       0.214910       0.302910   909091.12500  61 Al
      0.624570       0.214910       0.802910   833333.50000 349 Al
      0.947090       0.624570       0.535090   769230.93750 145 Al
      0.447090       0.624570       0.035090   714285.87500 433 Al
      0.447090       0.124570       0.535090   666666.87500 289 Al
      0.947090       0.124570       0.035090   625000.18750   1 Al
      0.302910       0.125430       0.035090   588235.50000   7 Al
      0.802910       0.125430       0.535090   555555.81250 295 Al
      0.536710       0.626910       0.303520   526316.00000 494 Al
      0.036710       0.626910       0.803520   500000.21875 206 Al
      0.553520       0.463290       0.876910   476190.68750 506 Al
      0.053520       0.463290       0.376910   454545.65625 218 Al
      0.963290       0.876910       0.053520   434782.78125 122 Al
      0.463290       0.876910       0.553520   416666.84375 410 Al
      0.873090       0.053520       0.786710   400000.18750 116 Al
      0.373090       0.053520       0.286710   384615.56250 404 Al
      0.876910       0.196480       0.286710   370370.56250 248 Al
      0.376910       0.196480       0.786710   357143.03125 536 Al
      0.785090       0.697090       0.875430   344827.78125 109 Al
      0.285090       0.697090       0.375430   333333.53125 397 Al
      0.785090       0.552910       0.374570   322580.84375 259 Al
      0.285090       0.552910       0.874570   312500.18750 547 Al
      0.625430       0.214910       0.447090   303030.50000 355 Al
      0.125430       0.214910       0.947090   294117.84375  67 Al
      0.126910       0.803520       0.536710   285714.46875 182 Al
      0.626910       0.803520       0.036710   277777.96875 470 Al
      0.535090       0.447090       0.124570   270270.43750 457 Al
      0.035090       0.447090       0.624570   263158.06250 169 Al
      0.035090       0.302910       0.125430   256410.45312  31 Al
      0.535090       0.302910       0.625430   250000.20312 319 Al
      0.375430       0.785090       0.197090   243902.64062 421 Al
      0.875430       0.785090       0.697090   238095.43750 133 Al
      0.123090       0.946480       0.036710   232558.32812  26 Al
      0.623090       0.946480       0.536710   227272.92188 314 Al
      0.625430       0.035090       0.802910   222222.40625 343 Al
      0.125430       0.035090       0.302910   217391.48438  55 Al
      0.303520       0.536710       0.626910   212766.14062 158 Al
      0.803520       0.536710       0.126910   208333.51562 446 Al
      0.286710       0.873090       0.553520   204081.81250 428 Al
      0.786710       0.873090       0.053520   200000.17188 140 Al
      0.697090       0.375430       0.285090   196078.62500 229 Al
      0.197090       0.375430       0.785090   200150.95312 517 Al
      0.874570       0.285090       0.552910   203762.32812 283 Al
      0.374570       0.285090       0.052910   206956.00000 571 Al
      0.053520       0.786710       0.873090   209770.87500  92 Al
      0.053520       0.286710       0.373090   212241.60938 236 Al
      0.553520       0.786710       0.373090   214399.78125 380 Al
      0.553520       0.286710       0.873090   216273.59375 524 Al
      0.946480       0.036710       0.123090   217888.54688   2 Al
      0.303520       0.036710       0.126910   219267.62500  14 Al
      0.036710       0.623090       0.446480   220431.71875 194 Al
      0.803520       0.036710       0.626910   221399.75000 302 Al
      0.714910       0.302910       0.624570   222188.76562 325 Al
      0.214910       0.302910       0.124570   222814.34375  37 Al
      0.053520       0.963290       0.876910   223290.68750  74 Al
      0.876910       0.053520       0.963290   223630.62500  98 Al
      0.123090       0.803520       0.713290   223845.90625 176 Al
      0.875430       0.464910       0.552910   223947.21875 265 Al
      0.446480       0.036710       0.623090   223944.31250 290 Al
      0.697090       0.374570       0.464910   223846.15625 223 Al
      0.553520       0.963290       0.376910   223660.90625 362 Al
      0.623090       0.803520       0.213290   223396.03125 464 Al
      0.624570       0.535090       0.947090   223058.37500 481 Al
      0.873090       0.696480       0.963290   222654.25000 110 Al
      0.375430       0.464910       0.052910   222189.37500 553 Al
      0.447090       0.625430       0.214910   221669.12500 451 Al
      0.125430       0.535090       0.802910   221098.31250 199 Al
      0.376910       0.053520       0.463290   220481.37500 386 Al
      0.464910       0.552910       0.875430   219822.46875 529 Al
      0.947090       0.625430       0.714910   219125.37500 163 Al
      0.123090       0.446480       0.536710   218393.59375 170 Al
      0.213290       0.626910       0.446480   217630.34375 212 Al
      0.785090       0.197090       0.375430   216838.54688 253 Al
      0.873090       0.553520       0.286710   216020.96875 260 Al
      0.197090       0.374570       0.964910   215180.15625 511 Al
      0.963290       0.373090       0.196480   214318.39062 278 Al
==============================================
MonteCarlo: Metropolis with identity changes
Si > Al, Al > Si. STOP when occurrence <    0.00000
==============================================
Cost_function     Occurrence %     Scan-Cost
    54719.5703        0.000169  54719.105469
    41039.6719        0.000084  41039.000000
    32831.7461        0.000045  32831.367188
    30095.7676        0.000069  30095.529297
    24623.8125        0.000036  24623.650391
    21887.8535        0.000024  21887.070312
    21887.8340        0.000024  21886.960938
    21887.8340        0.000033  21887.544922
    19151.8555        0.000018  19151.488281
    19151.8516        0.000009  19150.919922
    19151.8516        0.000006  19151.722656
    19151.8516        0.000015  19151.197266
    19151.8516        0.000033  19151.316406
    19151.8516        0.000012  19151.636719
    19151.8516        0.000009  19151.814453
    19151.8516        0.000009  19151.154297
    19151.8516        0.000015  19151.771484
    19151.8516        0.000024  19150.900391
    19151.8516        0.000003  19151.304688
    19151.8516        0.000036  19150.869141
    16415.8789        0.000027  16415.607422
    16415.8789        0.000006  16414.890625
    16415.8789        0.000015  16415.261719
    16415.8789        0.000006  16414.937500
    16415.8770        0.000009  16415.488281
    16415.8770        0.000027  16415.611328
    16415.8770        0.000024  16415.718750
    13679.8984        0.000021  13679.724609
    13679.8984        0.000006  13679.211914
     8207.9717        0.000018   8207.229492
     8207.9717        0.000003   8207.679688
     8207.9443        0.000009   8207.457031
     8207.9434        0.000003   8207.737305
     8207.9434        0.000006   8207.161133
     8207.9434        0.000009   8206.998047
     8207.9434        0.000006   8207.194336
     8207.9434        0.000003   8207.006836
     5471.9912        0.000015   5471.965820
     5471.9834        0.000003   5471.324219
     5471.9834        0.000003   5471.574707
     5471.9639        0.000003   5471.865723
     5471.9639        0.000000   5471.451660
     5471.9639        0.000000   5471.412109
     5471.9639        0.000000   5471.715332
     5471.9639        0.000000   5471.838867
     5471.9639        0.000000   5471.616699
     5471.9639        0.000000   5471.749512
     5471.9639        0.000000   5471.588379
     5471.9639        0.000000   5471.293945
     5471.9639        0.000000   5471.708008
     5471.9639        0.000000   5471.639160
==============================================
geometrical properties of  86 Al:
 distancia media y dispersion
   12.1298962       3.49890780    
 distancia minima media y dispersion
   4.35881710      0.279167086    
 STOP   12.1298962       4.35881710       5471.96387    
