Random Seed:  1019096247
Number of atoms:   576
Space Group:    1
Cell:
    25.0279999    25.0279999    25.0279999    90.0000000    90.0000000    90.0000000
Box:
    25.0279999     0.0000000     0.0000000
     0.0000000    25.0279999     0.0000000
     0.0000000     0.0000000    25.0279999
----------------------------------------
Inverse Box:
     0.0399553     0.0000000     0.0000000
     0.0000000     0.0399553     0.0000000
     0.0000000     0.0000000     0.0399553
----------------------------------------
[loops] Connectivity between nodes [Degree]:
442222442222442222442222442222442222442222442222442222442222442222442222442222442222442222442222442222442222442222442222442222442222442222442222442222442222442222442222442222442222442222442222442222442222442222442222442222442222442222442222442222442222442222442222442222442222442222442222442222442222442222442222442222442222442222442222442222442222442222442222442222442222442222442222442222442222442222442222442222442222442222442222442222442222442222442222442222442222442222442222442222442222442222442222442222442222442222442222442222442222442222442222442222442222442222442222
Repulsive substitution with cost-function:
cost = 1/(s - p0),  p0 = 3.40 10^-10 m, if s >= p0
cost =   10000000.000 if s <  p0
     Crystalographic positions                  Cost     Label
      0.785090       0.197090       0.375430        0.00000
      0.446480       0.713290       0.126910            NaN 452 Al
      0.946480       0.713290       0.626910        0.16062 164 Al
      0.285090       0.197090       0.875430        0.16127 541 Al
      0.785090       0.052910       0.874570        0.21487 115 Al
      0.285090       0.052910       0.374570        0.21743 403 Al
      0.303520       0.536710       0.626910        0.22045 158 Al
      0.803520       0.536710       0.126910        0.22337 446 Al
      0.035090       0.947090       0.124570        0.22178  25 Al
      0.535090       0.947090       0.624570        0.22675 313 Al
      0.553520       0.463290       0.876910        0.22583 506 Al
      0.053520       0.463290       0.376910        0.23572 218 Al
      0.214910       0.302910       0.124570        0.23864  37 Al
      0.714910       0.302910       0.624570   714285.93750 325 Al
      0.053520       0.786710       0.873090   666666.93750  92 Al
      0.553520       0.786710       0.373090   625000.25000 380 Al
      0.696480       0.786710       0.876910   588235.56250  80 Al
      0.196480       0.786710       0.376910   555555.75000 368 Al
      0.696480       0.463290       0.373090   526316.00000 230 Al
      0.196480       0.463290       0.873090   500000.21875 518 Al
      0.946480       0.213290       0.126910   476190.71875  20 Al
      0.446480       0.213290       0.626910   454545.68750 308 Al
      0.303520       0.036710       0.126910   434782.81250  14 Al
      0.803520       0.036710       0.626910   416666.87500 302 Al
      0.214910       0.802910       0.624570   400000.21875 181 Al
      0.714910       0.802910       0.124570   384615.59375 469 Al
      0.535090       0.447090       0.124570   370370.59375 457 Al
      0.035090       0.447090       0.624570   357143.06250 169 Al
      0.036710       0.123090       0.946480   344827.81250  50 Al
      0.536710       0.123090       0.446480   333333.56250 338 Al
      0.536710       0.126910       0.803520   322580.84375 350 Al
      0.036710       0.126910       0.303520   312500.18750  62 Al
      0.876910       0.553520       0.463290   303030.50000 242 Al
      0.376910       0.553520       0.963290   294117.84375 530 Al
      0.873090       0.696480       0.963290   285714.46875 110 Al
      0.373090       0.696480       0.463290   277777.93750 398 Al
      0.463290       0.873090       0.196480   270270.43750 422 Al
      0.963290       0.873090       0.696480   263158.06250 134 Al
      0.874570       0.285090       0.552910   256410.46875 283 Al
      0.374570       0.285090       0.052910   250000.21875 571 Al
      0.463290       0.373090       0.696480   487805.09375 566 Al
      0.963290       0.373090       0.196480   476190.71875 278 Al
      0.375430       0.964910       0.552910   465116.50000 409 Al
      0.875430       0.964910       0.052910   454545.68750 121 Al
      0.213290       0.623090       0.803520   444444.65625 200 Al
      0.713290       0.623090       0.303520   434782.81250 488 Al
      0.713290       0.626910       0.946480   425532.12500 500 Al
      0.213290       0.626910       0.446480   416666.87500 212 Al
      0.553520       0.963290       0.376910   408163.46875 362 Al
      0.053520       0.963290       0.876910   400000.21875  74 Al
      0.053520       0.286710       0.373090   392157.09375 236 Al
      0.553520       0.286710       0.873090   384615.59375 524 Al
      0.286710       0.876910       0.196480   377358.71875 416 Al
      0.786710       0.876910       0.696480   370370.59375 128 Al
      0.286710       0.376910       0.696480   363636.59375 560 Al
      0.786710       0.376910       0.196480   357143.06250 272 Al
      0.036710       0.626910       0.803520   350877.40625 206 Al
      0.536710       0.626910       0.303520   344827.81250 494 Al
      0.036710       0.623090       0.446480   338983.28125 194 Al
      0.536710       0.623090       0.946480   333333.56250 482 Al
      0.376910       0.696480       0.286710   327869.03125 392 Al
      0.876910       0.696480       0.786710   322580.84375 104 Al
      0.873090       0.553520       0.286710   317460.50000 260 Al
      0.373090       0.553520       0.786710   312500.18750 548 Al
      0.213290       0.126910       0.946480   307692.50000  68 Al
      0.696480       0.963290       0.873090   307838.09375  86 Al
      0.873090       0.053520       0.786710   307831.56250 116 Al
      0.696480       0.286710       0.376910   307686.25000 224 Al
      0.123090       0.946480       0.036710   307414.40625  26 Al
      0.213290       0.123090       0.303520   307027.18750  56 Al
      0.126910       0.303520       0.036710   306534.93750  38 Al
      0.876910       0.196480       0.286710   305946.84375 248 Al
      0.623090       0.946480       0.536710   305271.53125 314 Al
      0.713290       0.126910       0.446480   304516.90625 356 Al
      0.196480       0.963290       0.373090   303690.03125 374 Al
      0.626910       0.303520       0.536710   302797.59375 326 Al
      0.376910       0.196480       0.786710   301845.59375 536 Al
      0.874570       0.785090       0.052910   300839.56250 139 Al
      0.303520       0.713290       0.623090   299784.65625 152 Al
      0.875430       0.464910       0.552910   298685.56250 265 Al
      0.713290       0.123090       0.803520   297546.56250 344 Al
      0.373090       0.053520       0.286710   296371.62500 404 Al
      0.126910       0.803520       0.536710   295164.46875 182 Al
      0.123090       0.303520       0.213290   293928.40625  32 Al
      0.126910       0.946480       0.213290   292666.53125  44 Al
      0.126910       0.446480       0.713290   291381.71875 188 Al
==============================================
MonteCarlo: Metropolis with identity changes
Si > Al, Al > Si. STOP when occurrence <    0.00000
==============================================
Cost_function     Occurrence %     Scan-Cost
    41039.6836        0.000115  41039.679688
    19151.8555        0.000072  19151.570312
    10943.9473        0.000063  10943.334961
     5472.0801        0.000066   5471.208984
     2736.0437        0.000042   2735.927734
     2736.0383        0.000036   2735.436523
        0.1659        0.000051     -0.780523
        0.1659        0.000012     -0.617092
        0.1659        0.000009      0.164947
        0.1658        0.000006     -0.271537
        0.1658        0.000003     -0.395584
        0.1658        0.000012     -0.744996
        0.1658        0.000000     -0.110486
        0.1658        0.000006     -0.104739
        0.1658        0.000009     -0.582413
        0.1658        0.000000     -0.339564
        0.1658        0.000015     -0.565935
        0.1658        0.000003     -0.367578
        0.1658        0.000000      0.139450
        0.1658        0.000003     -0.630147
        0.1658        0.000003     -0.140109
        0.1658        0.000006     -0.514122
        0.1658        0.000003     -0.643785
        0.1658        0.000000     -0.413229
        0.1658        0.000006     -0.331288
        0.1658        0.000003     -0.151268
        0.1658        0.000009     -0.083191
        0.1658        0.000009     -0.421371
        0.1658        0.000006     -0.687547
        0.1659        0.000006     -0.241740
        0.1658        0.000003     -0.367195
        0.1658        0.000000     -0.126869
        0.1658        0.000003     -0.368971
        0.1658        0.000009     -0.625095
        0.1658        0.000003     -0.083230
        0.1658        0.000000      0.049942
        0.1658        0.000000     -0.611305
        0.1658        0.000003     -0.044034
        0.1658        0.000000     -0.467694
        0.1658        0.000000     -0.338732
        0.1658        0.000000      0.002857
        0.1658        0.000009     -0.576914
        0.1658        0.000003     -0.597697
        0.1658        0.000000     -0.421408
        0.1658        0.000003     -0.131382
        0.1658        0.000009     -0.241763
        0.1659        0.000015     -0.643716
        0.1658        0.000009     -0.781677
        0.1659        0.000009     -0.466214
        0.1659        0.000009     -0.060155
        0.1659        0.000012      0.149089
==============================================
geometrical properties of  86 Al:
 distancia media y dispersion
   12.1516542       3.50966716    
 distancia minima media y dispersion
   4.40377188      0.198003918    
 STOP   12.1516542       4.40377188      0.165853500    
