Random Seed:   827072374
Number of atoms:   576
Space Group:    1
Cell:
    25.0279999    25.0279999    25.0279999    90.0000000    90.0000000    90.0000000
Box:
    25.0279999     0.0000000     0.0000000
     0.0000000    25.0279999     0.0000000
     0.0000000     0.0000000    25.0279999
----------------------------------------
Inverse Box:
     0.0399553     0.0000000     0.0000000
     0.0000000     0.0399553     0.0000000
     0.0000000     0.0000000     0.0399553
----------------------------------------
[loops] Connectivity between nodes [Degree]:
442222442222442222442222442222442222442222442222442222442222442222442222442222442222442222442222442222442222442222442222442222442222442222442222442222442222442222442222442222442222442222442222442222442222442222442222442222442222442222442222442222442222442222442222442222442222442222442222442222442222442222442222442222442222442222442222442222442222442222442222442222442222442222442222442222442222442222442222442222442222442222442222442222442222442222442222442222442222442222442222442222442222442222442222442222442222442222442222442222442222442222442222442222442222442222442222
Repulsive substitution with cost-function:
cost = 1/(s - p0),  p0 = 3.40 10^-10 m, if s >= p0
cost =   10000000.000 if s <  p0
     Crystalographic positions                  Cost     Label
      0.803520       0.536710       0.126910        0.00000
      0.785090       0.197090       0.375430            NaN 253 Al
      0.303520       0.713290       0.623090        0.20267 152 Al
      0.285090       0.197090       0.875430        0.16297 541 Al
      0.785090       0.052910       0.874570        0.21369 115 Al
      0.285090       0.052910       0.374570        0.21003 403 Al
      0.946480       0.536710       0.623090        0.21311 146 Al
      0.446480       0.713290       0.126910        0.21414 452 Al
      0.035090       0.947090       0.124570        0.22056  25 Al
      0.535090       0.302910       0.625430        0.22547 319 Al
      0.214910       0.302910       0.124570        0.22731  37 Al
      0.714910       0.947090       0.625430   833333.56250 331 Al
      0.964910       0.697090       0.874570   769231.00000 103 Al
      0.464910       0.552910       0.875430   714285.93750 529 Al
      0.553520       0.786710       0.373090   666666.87500 380 Al
      0.053520       0.463290       0.376910   625000.18750 218 Al
      0.696480       0.463290       0.373090   588235.50000 230 Al
      0.196480       0.786710       0.376910   555555.75000 368 Al
      0.553520       0.286710       0.873090   526316.00000 524 Al
      0.053520       0.963290       0.876910   500000.18750  74 Al
      0.696480       0.786710       0.876910   476190.65625  80 Al
      0.214910       0.447090       0.625430   454545.65625 187 Al
      0.946480       0.213290       0.126910   434782.78125  20 Al
      0.446480       0.036710       0.623090   416666.84375 290 Al
      0.535090       0.447090       0.124570   400000.18750 457 Al
      0.035090       0.802910       0.625430   384615.56250 175 Al
      0.303520       0.036710       0.126910   370370.56250  14 Al
      0.803520       0.213290       0.623090   357143.03125 296 Al
      0.714910       0.802910       0.124570   344827.75000 469 Al
      0.196480       0.463290       0.873090   333333.50000 518 Al
      0.036710       0.126910       0.303520   322580.81250  62 Al
      0.536710       0.123090       0.446480   312500.15625 338 Al
      0.536710       0.626910       0.303520   303030.46875 494 Al
      0.036710       0.623090       0.446480   294117.81250 194 Al
      0.625430       0.035090       0.802910   285714.43750 343 Al
      0.213290       0.623090       0.803520   277777.93750 200 Al
      0.125430       0.214910       0.947090   270270.43750  67 Al
      0.713290       0.626910       0.946480   263158.09375 500 Al
      0.286710       0.876910       0.196480   256410.45312 416 Al
      0.786710       0.373090       0.553520   250000.20312 284 Al
      0.463290       0.876910       0.553520   243902.64062 410 Al
      0.963290       0.373090       0.196480   238095.43750 278 Al
      0.375430       0.285090       0.697090   232558.34375 565 Al
      0.875430       0.964910       0.052910   227272.93750 121 Al
      0.875430       0.785090       0.697090   222222.40625 133 Al
      0.375430       0.464910       0.052910   217391.48438 553 Al
      0.373090       0.696480       0.463290   425532.09375 398 Al
      0.873090       0.553520       0.286710   416666.84375 260 Al
      0.053520       0.286710       0.373090   408163.46875 236 Al
      0.553520       0.963290       0.376910   400000.21875 362 Al
      0.874570       0.964910       0.697090   392157.09375 127 Al
      0.374570       0.285090       0.052910   384615.59375 571 Al
      0.874570       0.785090       0.052910   566037.93750 139 Al
      0.374570       0.464910       0.697090   555555.75000 559 Al
      0.463290       0.873090       0.196480   545454.75000 422 Al
      0.963290       0.376910       0.553520   535714.43750 266 Al
      0.286710       0.873090       0.553520   526315.93750 428 Al
      0.786710       0.376910       0.196480   517241.59375 272 Al
      0.213290       0.626910       0.446480   508474.78125 212 Al
      0.713290       0.623090       0.303520   500000.21875 488 Al
      0.876910       0.553520       0.463290   491803.46875 242 Al
      0.376910       0.696480       0.286710   483871.15625 392 Al
      0.123090       0.946480       0.036710   476190.62500  26 Al
      0.696480       0.286710       0.376910   473870.37500 224 Al
      0.873090       0.196480       0.463290   471459.12500 254 Al
      0.213290       0.123090       0.303520   468968.56250  56 Al
      0.623090       0.303520       0.713290   466409.28125 320 Al
      0.053520       0.786710       0.873090   463790.71875  92 Al
      0.373090       0.053520       0.286710   461121.50000 404 Al
      0.196480       0.963290       0.373090   458409.46875 374 Al
      0.123090       0.303520       0.213290   455661.56250  32 Al
      0.964910       0.052910       0.875430   452884.00000  97 Al
      0.553520       0.463290       0.876910   450082.59375 506 Al
      0.464910       0.197090       0.874570   447262.37500 535 Al
      0.697090       0.874570       0.964910   444428.00000  79 Al
      0.947090       0.625430       0.714910   441583.75000 163 Al
      0.447090       0.624570       0.035090   438733.25000 433 Al
      0.876910       0.196480       0.286710   435879.93750 248 Al
      0.623090       0.946480       0.536710   433026.93750 314 Al
      0.947090       0.124570       0.035090   430176.93750   1 Al
      0.302910       0.125430       0.035090   427332.43750   7 Al
      0.697090       0.875430       0.785090   424495.65625  85 Al
      0.126910       0.946480       0.213290   421668.62500  44 Al
      0.123090       0.446480       0.536710   418853.12500 170 Al
      0.626910       0.303520       0.536710   416050.81250 326 Al
      0.447090       0.125430       0.714910   413263.03125 307 Al
==============================================
MonteCarlo: Metropolis with identity changes
Si > Al, Al > Si. STOP when occurrence <    0.00000
==============================================
Cost_function     Occurrence %     Scan-Cost
    43775.6484        0.000075  43775.386719
    35567.7188        0.000042  35567.574219
    30095.7656        0.000027  30095.138672
    30095.7656        0.000024  30095.628906
    30095.7656        0.000030  30094.820312
    24623.8047        0.000045  24623.361328
    21887.8262        0.000027  21887.550781
    21887.8262        0.000015  21887.675781
    21887.8262        0.000003  21886.880859
    21887.8262        0.000027  21887.500000
    21887.8262        0.000018  21886.994141
    21887.8262        0.000021  21886.849609
    21887.8262        0.000009  21886.835938
    21887.8262        0.000012  21887.322266
    21887.8262        0.000009  21886.832031
    21887.8262        0.000018  21887.119141
    21887.8262        0.000018  21887.123047
    19151.8496        0.000027  19151.605469
    16415.8984        0.000021  16415.583984
    16415.8945        0.000012  16415.597656
    16415.8887        0.000012  16414.978516
    16415.8848        0.000009  16415.371094
    13679.9121        0.000018  13679.847656
    13679.9014        0.000009  13678.914062
    13679.9014        0.000003  13678.980469
    13679.9014        0.000003  13679.875977
    13679.9014        0.000006  13679.215820
    13679.9014        0.000006  13679.336914
    13679.9014        0.000009  13679.461914
    13679.9014        0.000003  13679.226562
    13679.9014        0.000000  13679.657227
    13679.9014        0.000003  13679.436523
    13679.9014        0.000003  13679.065430
    13679.9014        0.000006  13679.085938
    13679.9014        0.000012  13679.588867
    13679.9014        0.000003  13679.417969
    13679.9014        0.000003  13679.055664
    13679.9014        0.000003  13679.088867
    13679.9014        0.000000  13679.893555
    13679.9014        0.000003  13678.983398
    13679.9014        0.000012  13679.529297
    13679.9014        0.000009  13679.472656
    13679.9014        0.000003  13679.668945
    13679.9014        0.000000  13679.299805
    13679.9014        0.000003  13679.277344
    13679.9014        0.000003  13679.743164
    13679.9014        0.000006  13679.422852
    13679.9014        0.000012  13679.628906
    13679.9014        0.000003  13679.545898
    13679.9014        0.000003  13679.107422
    13679.9014        0.000003  13678.952148
==============================================
geometrical properties of  86 Al:
 distancia media y dispersion
   12.1272373       3.50594807    
 distancia minima media y dispersion
   4.25735235      0.409946918    
 STOP   12.1272373       4.25735235       13679.9014    
