Random Seed:   673750084
Number of atoms:   576
Space Group:    1
Cell:
    25.0279999    25.0279999    25.0279999    90.0000000    90.0000000    90.0000000
Box:
    25.0279999     0.0000000     0.0000000
     0.0000000    25.0279999     0.0000000
     0.0000000     0.0000000    25.0279999
----------------------------------------
Inverse Box:
     0.0399553     0.0000000     0.0000000
     0.0000000     0.0399553     0.0000000
     0.0000000     0.0000000     0.0399553
----------------------------------------
[loops] Connectivity between nodes [Degree]:
442222442222442222442222442222442222442222442222442222442222442222442222442222442222442222442222442222442222442222442222442222442222442222442222442222442222442222442222442222442222442222442222442222442222442222442222442222442222442222442222442222442222442222442222442222442222442222442222442222442222442222442222442222442222442222442222442222442222442222442222442222442222442222442222442222442222442222442222442222442222442222442222442222442222442222442222442222442222442222442222442222442222442222442222442222442222442222442222442222442222442222442222442222442222442222442222
Repulsive substitution with cost-function:
cost = 1/(s - p0),  p0 = 3.40 10^-10 m, if s >= p0
cost =   10000000.000 if s <  p0
     Crystalographic positions                  Cost     Label
      0.623090       0.446480       0.036710        0.00000
      0.626910       0.803520       0.036710            NaN 470 Al
      0.123090       0.446480       0.536710        0.27663 170 Al
      0.623090       0.946480       0.536710        0.20222 314 Al
      0.123090       0.946480       0.036710        0.18477  26 Al
      0.126910       0.303520       0.036710        0.18457  38 Al
      0.126910       0.803520       0.536710        0.32177 182 Al
      0.626910       0.303520       0.536710        0.30418 326 Al
      0.964910       0.697090       0.874570        0.29054 103 Al
      0.964910       0.197090       0.374570        0.29102 247 Al
      0.464910       0.697090       0.374570        0.28903 391 Al
      0.464910       0.197090       0.874570        0.28578 535 Al
      0.785090       0.052910       0.874570        0.29119 115 Al
      0.785090       0.552910       0.374570        0.28736 259 Al
      0.285090       0.052910       0.374570        0.28310 403 Al
      0.285090       0.552910       0.874570        0.28140 547 Al
      0.786710       0.876910       0.696480        0.29195 128 Al
      0.963290       0.373090       0.196480        0.28957 278 Al
      0.463290       0.873090       0.196480        0.29309 422 Al
      0.286710       0.376910       0.696480        0.29144 560 Al
      0.946480       0.036710       0.123090        0.29344   2 Al
      0.446480       0.536710       0.123090        0.29297 434 Al
      0.446480       0.036710       0.623090        0.30396 290 Al
      0.946480       0.536710       0.623090        0.30149 146 Al
      0.303520       0.713290       0.623090        0.29889 152 Al
      0.803520       0.213290       0.623090        0.29711 296 Al
      0.303520       0.213290       0.123090        0.29440   8 Al
      0.803520       0.713290       0.123090        0.32540 440 Al
      0.197090       0.875430       0.285090        0.32196 373 Al
      0.552910       0.374570       0.785090        0.31978 523 Al
      0.697090       0.375430       0.285090        0.31976 229 Al
      0.052910       0.874570       0.785090        0.31822  91 Al
      0.036710       0.623090       0.446480        0.31552 194 Al
      0.213290       0.126910       0.946480        0.31447  68 Al
      0.536710       0.123090       0.446480        0.31838 338 Al
      0.713290       0.626910       0.946480        0.31698 500 Al
      0.124570       0.214910       0.302910        0.31565  61 Al
      0.625430       0.035090       0.802910        0.31753 343 Al
      0.125430       0.535090       0.802910        0.31659 199 Al
      0.624570       0.714910       0.302910        0.31801 493 Al
      0.285090       0.697090       0.375430        0.31683 397 Al
      0.785090       0.197090       0.375430        0.31644 253 Al
      0.964910       0.052910       0.875430        0.31497  97 Al
      0.464910       0.552910       0.875430        0.31419 529 Al
      0.303520       0.036710       0.126910        0.31594  14 Al
      0.803520       0.536710       0.126910        0.31729 446 Al
      0.946480       0.713290       0.626910        0.31664 164 Al
      0.446480       0.213290       0.626910        0.31538 308 Al
      0.786710       0.873090       0.053520        0.31483 140 Al
      0.963290       0.376910       0.553520        0.31376 266 Al
      0.463290       0.876910       0.553520        0.31296 410 Al
      0.286710       0.373090       0.053520        0.31175 572 Al
      0.946480       0.213290       0.126910   377358.71875  20 Al
      0.446480       0.713290       0.126910   370370.59375 452 Al
      0.803520       0.036710       0.626910   363636.59375 302 Al
      0.303520       0.536710       0.626910   357143.06250 158 Al
      0.696480       0.786710       0.876910   350877.40625  80 Al
      0.196480       0.286710       0.876910   344827.81250 512 Al
      0.553520       0.963290       0.376910   338983.28125 362 Al
      0.053520       0.463290       0.376910   333333.56250 218 Al
      0.624570       0.214910       0.802910   327869.06250 349 Al
      0.125430       0.035090       0.302910   322580.87500  55 Al
      0.124570       0.714910       0.802910   317460.53125 205 Al
      0.625430       0.535090       0.302910   312500.21875 487 Al
      0.963290       0.876910       0.053520   307692.53125 122 Al
      0.786710       0.373090       0.553520   303030.53125 284 Al
      0.286710       0.873090       0.553520   298507.68750 428 Al
      0.463290       0.376910       0.053520   294117.87500 554 Al
      0.876910       0.696480       0.786710   434782.81250 104 Al
      0.376910       0.196480       0.786710   432834.09375 536 Al
      0.873090       0.553520       0.286710   430816.87500 260 Al
      0.373090       0.053520       0.286710   428739.18750 404 Al
      0.873090       0.696480       0.963290   426608.43750 110 Al
      0.876910       0.553520       0.463290   424431.37500 242 Al
      0.373090       0.196480       0.963290   422214.06250 542 Al
      0.123090       0.303520       0.213290   551541.06250  32 Al
      0.036710       0.123090       0.946480   547550.75000  50 Al
      0.963290       0.873090       0.696480   543579.31250 134 Al
      0.213290       0.626910       0.446480   539629.25000 212 Al
      0.713290       0.126910       0.446480   535702.75000 356 Al
      0.626910       0.946480       0.713290   531801.87500 332 Al
      0.126910       0.446480       0.713290   527928.43750 188 Al
      0.786710       0.376910       0.196480   524083.78125 272 Al
      0.376910       0.053520       0.463290   520269.31250 386 Al
      0.286710       0.876910       0.196480   516486.21875 416 Al
      0.536710       0.623090       0.946480   512735.37500 482 Al
==============================================
MonteCarlo: Metropolis with identity changes
Si > Al, Al > Si. STOP when occurrence <    0.00000
==============================================
Cost_function     Occurrence %     Scan-Cost
    43775.6680        0.000054  43775.460938
    38303.7109        0.000039  38303.699219
    16415.8867        0.000048  16415.855469
    10943.9453        0.000033  10943.420898
     5472.0073        0.000036   5471.478516
     5472.0063        0.000021   5471.263184
     5472.0044        0.000018   5471.839844
        0.1661        0.000030     -0.738467
        0.1659        0.000012     -0.601561
        0.1659        0.000000     -0.796930
        0.1658        0.000012     -0.362136
        0.1658        0.000000     -0.066117
        0.1658        0.000000      0.122459
        0.1658        0.000003      0.129397
        0.1658        0.000003     -0.654213
        0.1658        0.000009     -0.360715
        0.1658        0.000000     -0.548131
        0.1658        0.000006     -0.758360
        0.1658        0.000006     -0.364216
        0.1658        0.000003     -0.094506
        0.1658        0.000012     -0.488838
        0.1658        0.000012      0.007853
        0.1658        0.000009     -0.127982
        0.1658        0.000000      0.098075
        0.1658        0.000006     -0.723523
        0.1658        0.000003     -0.470386
        0.1658        0.000000     -0.330710
        0.1658        0.000003     -0.317724
        0.1658        0.000006     -0.488899
        0.1658        0.000003      0.129343
        0.1658        0.000000     -0.288243
        0.1658        0.000000     -0.335117
        0.1658        0.000003     -0.186438
        0.1658        0.000000     -0.338399
        0.1658        0.000009      0.003527
        0.1658        0.000000     -0.516100
        0.1658        0.000003     -0.006087
        0.1658        0.000000     -0.383808
        0.1658        0.000009     -0.127971
        0.1658        0.000003      0.098088
        0.1658        0.000003     -0.470299
        0.1658        0.000003     -0.553810
        0.1658        0.000003     -0.358904
        0.1658        0.000003      0.034021
        0.1658        0.000000      0.065090
        0.1658        0.000000     -0.442904
        0.1658        0.000000     -0.004070
        0.1658        0.000000      0.091813
        0.1658        0.000000     -0.723543
        0.1658        0.000000     -0.618060
        0.1658        0.000003     -0.330716
==============================================
geometrical properties of  86 Al:
 distancia media y dispersion
   12.1512241       3.50785589    
 distancia minima media y dispersion
   4.38415003       1.37414522E-02
 STOP   12.1512241       4.38415003      0.165761501    
