Random Seed:  1262016953
Number of atoms:   576
Space Group:    1
Cell:
    25.0279999    25.0279999    25.0279999    90.0000000    90.0000000    90.0000000
Box:
    25.0279999     0.0000000     0.0000000
     0.0000000    25.0279999     0.0000000
     0.0000000     0.0000000    25.0279999
----------------------------------------
Inverse Box:
     0.0399553     0.0000000     0.0000000
     0.0000000     0.0399553     0.0000000
     0.0000000     0.0000000     0.0399553
----------------------------------------
[loops] Connectivity between nodes [Degree]:
442222442222442222442222442222442222442222442222442222442222442222442222442222442222442222442222442222442222442222442222442222442222442222442222442222442222442222442222442222442222442222442222442222442222442222442222442222442222442222442222442222442222442222442222442222442222442222442222442222442222442222442222442222442222442222442222442222442222442222442222442222442222442222442222442222442222442222442222442222442222442222442222442222442222442222442222442222442222442222442222442222442222442222442222442222442222442222442222442222442222442222442222442222442222442222442222
Repulsive substitution with cost-function:
cost = 1/(s - p0),  p0 = 3.40 10^-10 m, if s >= p0
cost =   10000000.000 if s <  p0
     Crystalographic positions                  Cost     Label
      0.052910       0.875430       0.964910        0.00000
      0.036710       0.626910       0.803520            NaN 206 Al
      0.536710       0.123090       0.446480        0.32441 338 Al
      0.536710       0.626910       0.303520        0.20821 494 Al
      0.052910       0.374570       0.285090        0.19790 235 Al
      0.553520       0.286710       0.873090        0.21234 524 Al
      0.197090       0.874570       0.464910        0.22256 367 Al
      0.625430       0.714910       0.947090        0.22049 499 Al
      0.125430       0.214910       0.947090        0.22223  67 Al
      0.873090       0.196480       0.463290        0.24789 254 Al
      0.626910       0.946480       0.713290        0.24540 332 Al
      0.036710       0.623090       0.446480        0.24402 194 Al
      0.374570       0.464910       0.697090        0.24389 559 Al
      0.374570       0.964910       0.197090        0.24823 415 Al
      0.714910       0.447090       0.125430        0.24933 475 Al
      0.876910       0.053520       0.963290        0.25062  98 Al
      0.375430       0.464910       0.052910        0.25068 553 Al
      0.875430       0.464910       0.552910   555555.81250 265 Al
      0.552910       0.875430       0.464910   526316.06250 361 Al
      0.125430       0.035090       0.302910   500000.25000  55 Al
      0.963290       0.873090       0.696480   476190.68750 134 Al
      0.803520       0.713290       0.123090   454545.68750 440 Al
      0.447090       0.125430       0.714910   434782.81250 307 Al
      0.302910       0.625430       0.535090   416666.87500 151 Al
      0.303520       0.213290       0.123090   400000.21875   8 Al
      0.714910       0.302910       0.624570   384615.62500 325 Al
      0.197090       0.375430       0.785090   370370.62500 517 Al
      0.875430       0.285090       0.197090   357143.09375 277 Al
      0.446480       0.713290       0.126910   344827.81250 452 Al
      0.696480       0.463290       0.373090   333333.56250 230 Al
      0.802910       0.124570       0.714910   322580.87500 301 Al
      0.123090       0.446480       0.536710   312500.21875 170 Al
      0.375430       0.964910       0.552910   303030.53125 409 Al
      0.464910       0.552910       0.875430   294117.87500 529 Al
      0.623090       0.803520       0.213290   285714.50000 464 Al
      0.035090       0.947090       0.124570   277778.00000  25 Al
      0.785090       0.697090       0.875430   270270.50000 109 Al
      0.873090       0.553520       0.286710   263158.15625 260 Al
      0.213290       0.623090       0.803520   256410.48438 200 Al
      0.373090       0.196480       0.963290   250000.23438 542 Al
      0.285090       0.697090       0.375430   243902.67188 397 Al
      0.696480       0.963290       0.873090   238095.46875  86 Al
      0.947090       0.125430       0.214910   232558.37500  19 Al
      0.535090       0.302910       0.625430   227272.95312 319 Al
      0.946480       0.713290       0.626910   222222.43750 164 Al
      0.285090       0.052910       0.374570   217391.51562 403 Al
      0.696480       0.286710       0.376910   212766.17188 224 Al
      0.214910       0.802910       0.624570   208333.54688 181 Al
      0.535090       0.447090       0.124570   204081.85938 457 Al
      0.124570       0.035090       0.947090   200000.23438  49 Al
      0.786710       0.873090       0.053520   196078.67188 140 Al
      0.197090       0.374570       0.964910   192307.92188 511 Al
      0.124570       0.214910       0.302910   377358.71875  61 Al
      0.786710       0.876910       0.696480   370370.59375 128 Al
      0.624570       0.535090       0.947090   363636.59375 481 Al
      0.214910       0.947090       0.125430   357143.09375  43 Al
      0.713290       0.126910       0.446480   350877.40625 356 Al
      0.035090       0.302910       0.125430   344827.81250  31 Al
      0.375430       0.285090       0.697090   338983.28125 565 Al
      0.374570       0.785090       0.552910   333333.56250 427 Al
      0.713290       0.623090       0.303520   327869.06250 488 Al
      0.197090       0.875430       0.285090   322580.87500 373 Al
      0.964910       0.697090       0.874570   317460.53125 103 Al
      0.624570       0.214910       0.802910   317620.46875 349 Al
      0.464910       0.052910       0.375430   317613.06250 385 Al
      0.464910       0.697090       0.374570   317453.50000 391 Al
      0.053520       0.463290       0.376910   317155.56250 218 Al
      0.552910       0.375430       0.964910   316731.93750 505 Al
      0.947090       0.124570       0.035090   316194.06250   1 Al
      0.052910       0.874570       0.785090   315552.34375  91 Al
      0.946480       0.536710       0.623090   314816.50000 146 Al
      0.125430       0.714910       0.447090   313995.12500 211 Al
      0.964910       0.197090       0.374570   313096.25000 247 Al
      0.874570       0.285090       0.552910   312127.25000 283 Al
      0.447090       0.124570       0.535090   311094.68750 289 Al
      0.535090       0.947090       0.624570   310004.81250 313 Al
      0.463290       0.873090       0.196480   308863.12500 422 Al
      0.126910       0.446480       0.713290   307674.84375 188 Al
      0.803520       0.536710       0.126910   306444.68750 446 Al
      0.302910       0.124570       0.214910   305176.96875  13 Al
      0.803520       0.036710       0.626910   303875.65625 302 Al
      0.214910       0.302910       0.124570   302544.46875  37 Al
      0.964910       0.052910       0.875430   421668.65625  97 Al
      0.626910       0.803520       0.036710   418853.15625 470 Al
      0.876910       0.553520       0.463290   416050.84375 242 Al
      0.552910       0.374570       0.785090   413263.03125 523 Al
==============================================
MonteCarlo: Metropolis with identity changes
Si > Al, Al > Si. STOP when occurrence <    0.00000
==============================================
Cost_function     Occurrence %     Scan-Cost
    57455.5508        0.000087  57455.304688
    41039.6836        0.000121  41038.687500
    32831.7500        0.000069  32831.117188
    24623.8145        0.000057  24623.015625
    16415.8789        0.000051  16415.091797
    16415.8789        0.000036  16415.144531
    16415.8789        0.000024  16415.201172
     8207.9785        0.000027   8207.035156
     8207.9727        0.000018   8207.435547
     8207.9707        0.000021   8207.105469
     5472.0020        0.000012   5471.708496
     5472.0005        0.000006   5471.361328
     2736.0369        0.000036   2735.219238
        0.1650        0.000006     -0.693760
        0.1650        0.000003     -0.292818
        0.1649        0.000009     -0.399394
        0.1650        0.000003     -0.015723
        0.1650        0.000009     -0.477787
        0.1649        0.000003     -0.209949
        0.1649        0.000003      0.082297
        0.1649        0.000000     -0.313848
        0.1649        0.000000     -0.143876
        0.1649        0.000003     -0.466298
        0.1649        0.000003      0.141529
        0.1649        0.000009     -0.834540
        0.1649        0.000000     -0.604569
        0.1649        0.000006     -0.078460
        0.1649        0.000000     -0.720249
        0.1649        0.000000     -0.050602
        0.1649        0.000000     -0.143861
        0.1649        0.000000     -0.726226
        0.1649        0.000000     -0.407223
        0.1649        0.000000     -0.834540
        0.1649        0.000000     -0.604570
        0.1649        0.000003     -0.576875
        0.1649        0.000000     -0.109531
        0.1649        0.000000     -0.165302
        0.1649        0.000000     -0.596613
        0.1649        0.000000     -0.466311
        0.1649        0.000000     -0.548908
        0.1649        0.000000     -0.372036
        0.1649        0.000006     -0.084882
        0.1649        0.000006     -0.616216
        0.1649        0.000000     -0.300125
        0.1649        0.000000     -0.517770
        0.1649        0.000000     -0.508401
        0.1649        0.000003     -0.809216
        0.1649        0.000003      0.003048
        0.1649        0.000009     -0.229304
        0.1649        0.000000     -0.245824
        0.1649        0.000006     -0.350785
==============================================
geometrical properties of  86 Al:
 distancia media y dispersion
   12.1398020       3.50100040    
 distancia minima media y dispersion
   4.40099478       8.51347484E-03
 STOP   12.1398020       4.40099478      0.164915726    
