Random Seed:  1418575838
Number of atoms:   576
Space Group:    1
Cell:
    25.0279999    25.0279999    25.0279999    90.0000000    90.0000000    90.0000000
Box:
    25.0279999     0.0000000     0.0000000
     0.0000000    25.0279999     0.0000000
     0.0000000     0.0000000    25.0279999
----------------------------------------
Inverse Box:
     0.0399553     0.0000000     0.0000000
     0.0000000     0.0399553     0.0000000
     0.0000000     0.0000000     0.0399553
----------------------------------------
[loops] Connectivity between nodes [Degree]:
442222442222442222442222442222442222442222442222442222442222442222442222442222442222442222442222442222442222442222442222442222442222442222442222442222442222442222442222442222442222442222442222442222442222442222442222442222442222442222442222442222442222442222442222442222442222442222442222442222442222442222442222442222442222442222442222442222442222442222442222442222442222442222442222442222442222442222442222442222442222442222442222442222442222442222442222442222442222442222442222442222442222442222442222442222442222442222442222442222442222442222442222442222442222442222442222
Repulsive substitution with cost-function:
cost = 1/(s - p0),  p0 = 3.40 10^-10 m, if s >= p0
cost =   10000000.000 if s <  p0
     Crystalographic positions                  Cost     Label
      0.463290       0.873090       0.196480        0.00000
      0.536710       0.623090       0.946480            NaN 482 Al
      0.052910       0.375430       0.464910        0.26663 217 Al
      0.963290       0.873090       0.696480        0.20190 134 Al
      0.447090       0.125430       0.714910        0.18764 307 Al
      0.946480       0.213290       0.126910        0.19439  20 Al
      0.697090       0.374570       0.464910        0.20482 223 Al
      0.963290       0.876910       0.053520        0.20821 122 Al
      0.197090       0.374570       0.964910        0.20937 511 Al
      0.373090       0.696480       0.463290  1000000.18750 398 Al
      0.623090       0.946480       0.536710   909091.12500 314 Al
      0.714910       0.447090       0.125430   833333.50000 475 Al
      0.196480       0.963290       0.373090   769230.93750 374 Al
      0.213290       0.623090       0.803520   714285.87500 200 Al
      0.713290       0.123090       0.803520   666666.87500 344 Al
      0.947090       0.624570       0.535090   625000.18750 145 Al
      0.302910       0.125430       0.035090   588235.50000   7 Al
      0.785090       0.697090       0.875430   555555.75000 109 Al
      0.463290       0.373090       0.696480   526316.00000 566 Al
      0.713290       0.623090       0.303520   500000.18750 488 Al
      0.873090       0.196480       0.463290   476190.65625 254 Al
      0.463290       0.376910       0.053520   454545.65625 554 Al
      0.464910       0.052910       0.375430   434782.78125 385 Al
      0.964910       0.052910       0.875430   416666.84375  97 Al
      0.214910       0.447090       0.625430   400000.18750 187 Al
      0.447090       0.625430       0.214910   384615.56250 451 Al
      0.214910       0.802910       0.624570   370370.56250 181 Al
      0.697090       0.874570       0.964910   357143.03125  79 Al
      0.124570       0.214910       0.302910   344827.78125  61 Al
      0.214910       0.947090       0.125430   333333.53125  43 Al
      0.803520       0.713290       0.123090   322580.84375 440 Al
      0.125430       0.714910       0.447090   312500.18750 211 Al
      0.553520       0.286710       0.873090   303030.50000 524 Al
      0.803520       0.036710       0.626910   294117.84375 302 Al
      0.053520       0.786710       0.873090   285714.46875  92 Al
      0.375430       0.964910       0.552910   277777.96875 409 Al
      0.963290       0.373090       0.196480   270270.46875 278 Al
      0.625430       0.214910       0.447090   263158.09375 355 Al
      0.553520       0.786710       0.373090   256410.46875 380 Al
      0.947090       0.625430       0.714910   250000.20312 163 Al
      0.125430       0.214910       0.947090   243902.64062  67 Al
      0.376910       0.553520       0.963290   238095.43750 530 Al
      0.964910       0.552910       0.375430   232558.35938 241 Al
      0.714910       0.302910       0.624570   227272.95312 325 Al
      0.697090       0.875430       0.785090   222222.42188  85 Al
      0.302910       0.124570       0.214910   217391.48438  13 Al
      0.197090       0.375430       0.785090   212766.14062 517 Al
      0.946480       0.036710       0.123090   208333.51562   2 Al
      0.697090       0.375430       0.285090   204081.81250 229 Al
      0.875430       0.464910       0.552910   200000.20312 265 Al
      0.214910       0.302910       0.124570   196078.64062  37 Al
      0.623090       0.803520       0.213290   384615.59375 464 Al
      0.373090       0.553520       0.786710   377358.71875 548 Al
      0.124570       0.035090       0.947090   370370.59375  49 Al
      0.876910       0.196480       0.286710   363636.59375 248 Al
      0.447090       0.124570       0.535090   357143.03125 289 Al
      0.553520       0.463290       0.876910   350877.40625 506 Al
      0.124570       0.535090       0.447090   344827.78125 193 Al
      0.285090       0.197090       0.875430   338983.28125 541 Al
      0.035090       0.447090       0.624570   333333.53125 169 Al
      0.375430       0.785090       0.197090   327869.03125 421 Al
      0.875430       0.785090       0.697090   328045.31250 133 Al
      0.302910       0.625430       0.535090   328036.84375 151 Al
      0.035090       0.802910       0.625430   327861.09375 175 Al
      0.535090       0.947090       0.624570   327533.68750 313 Al
      0.125430       0.035090       0.302910   327068.87500  55 Al
      0.536710       0.126910       0.803520   326479.56250 350 Al
      0.803520       0.536710       0.126910   325777.59375 446 Al
      0.625430       0.714910       0.947090   324973.65625 499 Al
      0.873090       0.696480       0.963290   324077.53125 110 Al
      0.785090       0.052910       0.874570   323098.09375 115 Al
      0.125430       0.535090       0.802910   322043.43750 199 Al
      0.535090       0.302910       0.625430   320921.00000 319 Al
      0.785090       0.552910       0.374570   319737.62500 259 Al
      0.624570       0.035090       0.447090   318499.37500 337 Al
      0.197090       0.874570       0.464910   317212.03125 367 Al
      0.874570       0.285090       0.552910   315880.68750 283 Al
      0.374570       0.964910       0.197090   314510.12500 415 Al
      0.446480       0.536710       0.123090   313104.68750 434 Al
      0.623090       0.446480       0.036710   311668.37500 458 Al
      0.285090       0.697090       0.375430   310204.78125 397 Al
      0.052910       0.374570       0.285090   308717.31250 235 Al
      0.197090       0.875430       0.285090   307209.03125 373 Al
      0.374570       0.785090       0.552910   305682.75000 427 Al
      0.374570       0.285090       0.052910   304141.00000 571 Al
      0.285090       0.052910       0.374570   418865.28125 403 Al
==============================================
MonteCarlo: Metropolis with identity changes
Si > Al, Al > Si. STOP when occurrence <    0.00000
==============================================
Cost_function     Occurrence %     Scan-Cost
    41039.6719        0.000124  41039.484375
    21887.8340        0.000078  21887.562500
    19151.8516        0.000033  19151.304688
    16415.8750        0.000021  16415.050781
    13679.8936        0.000018  13678.994141
    13679.8936        0.000000  13679.222656
    13679.8936        0.000003  13679.080078
    13679.8936        0.000000  13679.058594
    13679.8936        0.000003  13679.722656
    10943.9209        0.000006  10943.400391
     8207.9629        0.000018   8207.708008
     5471.9780        0.000009   5471.041016
     5471.9775        0.000006   5471.096191
     5471.9604        0.000006   5471.746094
     2736.1340        0.000003   2736.024658
     2736.1340        0.000000   2735.317383
     2736.1001        0.000006   2735.261230
     2736.1001        0.000000   2735.258545
     2736.0928        0.000015   2735.117188
     2736.0928        0.000000   2735.944580
     2736.0928        0.000012   2735.956787
        0.1651        0.000006     -0.377242
        0.1651        0.000000     -0.296012
        0.1651        0.000000     -0.492283
        0.1651        0.000000     -0.669086
        0.1650        0.000003     -0.407972
        0.1650        0.000000     -0.162522
        0.1650        0.000000     -0.287238
        0.1650        0.000000     -0.549312
        0.1650        0.000000     -0.160706
        0.1650        0.000000     -0.040546
        0.1650        0.000000     -0.548782
        0.1650        0.000000     -0.423276
        0.1650        0.000000     -0.015581
        0.1650        0.000000     -0.110060
        0.1650        0.000000     -0.667151
        0.1650        0.000000      0.147226
        0.1650        0.000000     -0.462327
        0.1650        0.000000     -0.812601
        0.1650        0.000000     -0.584131
        0.1650        0.000000     -0.686902
        0.1650        0.000000     -0.541819
        0.1650        0.000000     -0.068539
        0.1650        0.000000     -0.755793
        0.1650        0.000000     -0.075326
        0.1650        0.000000     -0.582721
        0.1650        0.000000     -0.743444
        0.1650        0.000000     -0.705043
        0.1650        0.000000      0.143740
        0.1650        0.000000     -0.412303
        0.1650        0.000000     -0.438221
==============================================
geometrical properties of  86 Al:
 distancia media y dispersion
   12.1354227       3.49929142    
 distancia minima media y dispersion
   4.42787981      0.170381472    
 STOP   12.1354227       4.42787981      0.165021524    
