Random Seed:   573154533
Number of atoms:   576
Space Group:    1
Cell:
    25.0279999    25.0279999    25.0279999    90.0000000    90.0000000    90.0000000
Box:
    25.0279999     0.0000000     0.0000000
     0.0000000    25.0279999     0.0000000
     0.0000000     0.0000000    25.0279999
----------------------------------------
Inverse Box:
     0.0399553     0.0000000     0.0000000
     0.0000000     0.0399553     0.0000000
     0.0000000     0.0000000     0.0399553
----------------------------------------
[loops] Connectivity between nodes [Degree]:
442222442222442222442222442222442222442222442222442222442222442222442222442222442222442222442222442222442222442222442222442222442222442222442222442222442222442222442222442222442222442222442222442222442222442222442222442222442222442222442222442222442222442222442222442222442222442222442222442222442222442222442222442222442222442222442222442222442222442222442222442222442222442222442222442222442222442222442222442222442222442222442222442222442222442222442222442222442222442222442222442222442222442222442222442222442222442222442222442222442222442222442222442222442222442222442222
Repulsive substitution with cost-function:
cost = 1/(s - p0),  p0 = 3.40 10^-10 m, if s >= p0
cost =   10000000.000 if s <  p0
     Crystalographic positions                  Cost     Label
      0.624570       0.714910       0.302910        0.00000
      0.214910       0.302910       0.124570            NaN  37 Al
      0.123090       0.803520       0.713290  3333333.25000 176 Al
      0.714910       0.302910       0.624570  2500000.00000 325 Al
      0.696480       0.786710       0.876910  2000000.12500  80 Al
      0.197090       0.875430       0.285090  1666666.75000 373 Al
      0.286710       0.376910       0.696480  1428571.50000 560 Al
      0.786710       0.376910       0.196480  1250000.12500 272 Al
      0.623090       0.946480       0.536710  1111111.25000 314 Al
      0.963290       0.876910       0.053520  1000000.12500 122 Al
      0.052910       0.375430       0.464910   909091.06250 217 Al
      0.552910       0.375430       0.964910   833333.43750 505 Al
      0.374570       0.785090       0.552910   769230.87500 427 Al
      0.036710       0.123090       0.946480   714285.81250  50 Al
      0.447090       0.624570       0.035090   666666.81250 433 Al
      0.947090       0.624570       0.535090   625000.12500 145 Al
      0.536710       0.126910       0.803520   588235.43750 350 Al
      0.373090       0.053520       0.286710   555555.68750 404 Al
      0.785090       0.197090       0.375430   526315.93750 253 Al
      0.125430       0.535090       0.802910   500000.12500 199 Al
      0.874570       0.964910       0.697090   476190.59375 127 Al
      0.802910       0.625430       0.035090   454545.59375 439 Al
      0.036710       0.126910       0.303520   434782.71875  62 Al
      0.213290       0.626910       0.446480   416666.78125 212 Al
      0.447090       0.124570       0.535090   400000.12500 289 Al
      0.285090       0.197090       0.875430   384615.50000 541 Al
      0.696480       0.463290       0.373090   370370.50000 230 Al
      0.463290       0.873090       0.196480   357142.96875 422 Al
      0.785090       0.052910       0.874570   344827.71875 115 Al
      0.373090       0.553520       0.786710   333333.46875 548 Al
      0.876910       0.696480       0.786710   322580.78125 104 Al
      0.873090       0.553520       0.286710   312500.12500 260 Al
      0.376910       0.696480       0.286710   303030.43750 392 Al
      0.946480       0.213290       0.126910   294117.78125  20 Al
      0.714910       0.802910       0.124570   285714.40625 469 Al
      0.552910       0.374570       0.785090   277777.90625 523 Al
      0.302910       0.125430       0.035090   270270.40625   7 Al
      0.197090       0.874570       0.464910   263158.03125 367 Al
      0.874570       0.285090       0.552910   256410.42188 283 Al
      0.375430       0.464910       0.052910   250000.17188 553 Al
      0.123090       0.946480       0.036710   487805.06250  26 Al
      0.052910       0.374570       0.285090   476190.65625 235 Al
      0.626910       0.946480       0.713290   465116.46875 332 Al
      0.625430       0.214910       0.447090   454545.65625 355 Al
      0.035090       0.447090       0.624570   444444.59375 169 Al
      0.053520       0.786710       0.873090   434782.75000  92 Al
      0.553520       0.963290       0.376910   425532.06250 362 Al
      0.624570       0.535090       0.947090   416666.81250 481 Al
      0.197090       0.374570       0.964910   408163.40625 511 Al
      0.213290       0.123090       0.303520   600000.12500  56 Al
      0.626910       0.446480       0.213290   588235.43750 476 Al
      0.375430       0.964910       0.552910   576923.18750 409 Al
      0.303520       0.536710       0.626910   566037.87500 158 Al
      0.802910       0.124570       0.714910   555555.68750 301 Al
      0.535090       0.302910       0.625430   545454.68750 319 Al
      0.946480       0.036710       0.123090   535714.37500   2 Al
      0.875430       0.464910       0.552910   526315.87500 265 Al
      0.053520       0.963290       0.876910   517241.53125  74 Al
      0.374570       0.285090       0.052910   508474.75000 571 Al
      0.802910       0.125430       0.535090   666666.81250 295 Al
      0.035090       0.802910       0.625430   655737.87500 175 Al
      0.697090       0.874570       0.964910   650625.87500  79 Al
      0.536710       0.626910       0.303520   645497.06250 494 Al
      0.126910       0.946480       0.213290   640361.06250  44 Al
      0.874570       0.785090       0.052910   635225.93750 139 Al
      0.303520       0.713290       0.623090   630099.12500 152 Al
      0.553520       0.786710       0.373090   624987.00000 380 Al
      0.625430       0.714910       0.947090   619895.25000 499 Al
      0.036710       0.623090       0.446480   614828.68750 194 Al
      0.375430       0.285090       0.697090   609791.75000 565 Al
      0.213290       0.623090       0.803520   604788.18750 200 Al
      0.964910       0.197090       0.374570   599821.18750 247 Al
      0.624570       0.214910       0.802910   594893.56250 349 Al
      0.286710       0.876910       0.196480   590007.87500 416 Al
      0.125430       0.214910       0.947090   585166.00000  67 Al
      0.713290       0.623090       0.303520   580369.87500 488 Al
      0.786710       0.876910       0.696480   575620.87500 128 Al
      0.446480       0.713290       0.126910   570920.31250 452 Al
      0.035090       0.302910       0.125430   566269.25000  31 Al
      0.876910       0.053520       0.963290   561668.31250  98 Al
      0.803520       0.536710       0.126910   557118.31250 446 Al
      0.447090       0.125430       0.714910   552619.75000 307 Al
      0.197090       0.375430       0.785090   548172.87500 517 Al
      0.947090       0.625430       0.714910   543777.93750 163 Al
      0.373090       0.696480       0.463290   539435.06250 398 Al
      0.697090       0.374570       0.464910   535144.31250 223 Al
==============================================
MonteCarlo: Metropolis with identity changes
Si > Al, Al > Si. STOP when occurrence <    0.00000
==============================================
Cost_function     Occurrence %     Scan-Cost
    43775.6484        0.000130  43774.828125
    38303.6953        0.000063  38303.585938
    35567.7148        0.000039  35567.031250
    35567.7148        0.000027  35567.644531
    30095.7617        0.000033  30095.595703
    30095.7598        0.000039  30094.847656
    24623.8066        0.000027  24623.615234
    21887.8379        0.000027  21887.003906
    21887.8340        0.000012  21887.263672
    21887.8340        0.000021  21887.173828
    16415.8750        0.000018  16415.029297
    16415.8750        0.000006  16415.035156
    16415.8750        0.000006  16415.154297
    13679.8975        0.000009  13679.433594
    13679.8975        0.000009  13679.456055
    13679.8975        0.000000  13679.636719
    10943.9209        0.000015  10943.061523
    10943.9199        0.000006  10943.614258
    10943.9199        0.000000  10943.383789
    10943.9199        0.000000  10943.793945
     8207.9443        0.000021   8207.453125
     8207.9443        0.000003   8207.934570
     8207.9443        0.000003   8207.055664
     8207.9443        0.000000   8207.334961
     8207.9434        0.000015   8207.198242
     5471.9985        0.000018   5471.525879
     5471.9678        0.000003   5471.739746
     5471.9678        0.000000   5471.906250
     5471.9673        0.000003   5471.817383
     5471.9644        0.000003   5471.658691
     5471.9644        0.000009   5471.629883
     5471.9644        0.000003   5471.922363
     5471.9619        0.000003   5471.622559
     5471.9619        0.000003   5471.513672
     5471.9619        0.000000   5471.647461
     5471.9619        0.000000   5471.236328
     5471.9619        0.000000   5471.408691
     5471.9619        0.000000   5471.357910
     5471.9619        0.000003   5470.976074
     5471.9604        0.000009   5470.970215
     5471.9604        0.000000   5471.096680
     5471.9604        0.000000   5471.314453
     5471.9604        0.000000   5471.619141
     5471.9604        0.000000   5471.327148
     5471.9604        0.000000   5471.610840
     5471.9575        0.000003   5471.359863
     5471.9575        0.000000   5471.179688
     5471.9575        0.000000   5471.181152
     2736.0186        0.000003   2735.174805
     2736.0122        0.000015   2735.223389
        0.1652        0.000006     -0.002882
==============================================
geometrical properties of  86 Al:
 distancia media y dispersion
   12.1359720       3.51023245    
 distancia minima media y dispersion
   4.43652868      0.229078338    
 STOP   12.1359720       4.43652868      0.165155843    
