Random Seed:   825208144
Number of atoms:   576
Space Group:    1
Cell:
    25.0279999    25.0279999    25.0279999    90.0000000    90.0000000    90.0000000
Box:
    25.0279999     0.0000000     0.0000000
     0.0000000    25.0279999     0.0000000
     0.0000000     0.0000000    25.0279999
----------------------------------------
Inverse Box:
     0.0399553     0.0000000     0.0000000
     0.0000000     0.0399553     0.0000000
     0.0000000     0.0000000     0.0399553
----------------------------------------
[loops] Connectivity between nodes [Degree]:
442222442222442222442222442222442222442222442222442222442222442222442222442222442222442222442222442222442222442222442222442222442222442222442222442222442222442222442222442222442222442222442222442222442222442222442222442222442222442222442222442222442222442222442222442222442222442222442222442222442222442222442222442222442222442222442222442222442222442222442222442222442222442222442222442222442222442222442222442222442222442222442222442222442222442222442222442222442222442222442222442222442222442222442222442222442222442222442222442222442222442222442222442222442222442222442222
Repulsive substitution with cost-function:
cost = 1/(s - p0),  p0 = 3.40 10^-10 m, if s >= p0
cost =   10000000.000 if s <  p0
     Crystalographic positions                  Cost     Label
      0.463290       0.873090       0.196480        0.00000
      0.285090       0.197090       0.875430            NaN 541 Al
      0.786710       0.373090       0.553520        0.26141 284 Al
      0.786710       0.876910       0.696480        0.21792 128 Al
      0.963290       0.373090       0.196480        0.20561 278 Al
      0.303520       0.713290       0.623090        0.22120 152 Al
      0.963290       0.876910       0.053520        0.21766 122 Al
      0.535090       0.447090       0.124570        0.21627 457 Al
      0.447090       0.124570       0.535090        0.23886 289 Al
      0.126910       0.446480       0.713290        0.23826 188 Al
      0.125430       0.035090       0.302910        0.24498  55 Al
      0.625430       0.714910       0.947090        0.24739 499 Al
      0.624570       0.214910       0.802910        0.24819 349 Al
      0.036710       0.623090       0.446480        0.24984 194 Al
      0.713290       0.623090       0.303520        0.24888 488 Al
      0.052910       0.874570       0.785090        0.24864  91 Al
      0.214910       0.302910       0.124570        0.24751  37 Al
      0.713290       0.126910       0.446480   555555.81250 356 Al
      0.285090       0.552910       0.874570   526316.06250 547 Al
      0.464910       0.697090       0.374570   500000.25000 391 Al
      0.947090       0.124570       0.035090   476190.71875   1 Al
      0.463290       0.373090       0.696480   454545.68750 566 Al
      0.947090       0.625430       0.714910   434782.81250 163 Al
      0.197090       0.874570       0.464910   416666.87500 367 Al
      0.802910       0.625430       0.035090   400000.21875 439 Al
      0.964910       0.197090       0.374570   384615.59375 247 Al
      0.303520       0.036710       0.126910   370370.59375  14 Al
      0.535090       0.947090       0.624570   357143.03125 313 Al
      0.785090       0.052910       0.874570   344827.78125 115 Al
      0.697090       0.375430       0.285090   333333.53125 229 Al
      0.052910       0.375430       0.464910   322580.84375 217 Al
      0.553520       0.463290       0.876910   312500.18750 506 Al
      0.553520       0.963290       0.376910   303030.50000 362 Al
      0.124570       0.035090       0.947090   294117.84375  49 Al
      0.447090       0.624570       0.035090   285714.46875 433 Al
      0.714910       0.802910       0.124570   277777.96875 469 Al
      0.285090       0.697090       0.375430   270270.46875 397 Al
      0.802910       0.124570       0.714910   263158.09375 301 Al
      0.197090       0.374570       0.964910   256410.46875 511 Al
      0.964910       0.697090       0.874570   500000.21875 103 Al
      0.285090       0.052910       0.374570   487805.09375 403 Al
      0.303520       0.536710       0.626910   476190.68750 158 Al
      0.876910       0.553520       0.463290   465116.50000 242 Al
      0.447090       0.125430       0.714910   454545.65625 307 Al
      0.035090       0.802910       0.625430   444444.65625 175 Al
      0.626910       0.303520       0.536710   434782.78125 326 Al
      0.374570       0.285090       0.052910   425532.09375 571 Al
      0.947090       0.125430       0.214910   625000.12500  19 Al
      0.714910       0.447090       0.125430   612245.06250 475 Al
      0.286710       0.876910       0.196480   600000.18750 416 Al
      0.697090       0.874570       0.964910   588235.50000  79 Al
      0.447090       0.625430       0.214910   576923.25000 451 Al
      0.873090       0.553520       0.286710   566037.93750 260 Al
      0.124570       0.714910       0.802910   555555.75000 205 Al
      0.375430       0.964910       0.552910   545454.75000 409 Al
      0.124570       0.214910       0.302910   535714.43750  61 Al
      0.625430       0.035090       0.802910   526315.93750 343 Al
      0.286710       0.376910       0.696480   517241.59375 560 Al
      0.964910       0.052910       0.875430   508474.78125  97 Al
      0.785090       0.697090       0.875430   500000.21875 109 Al
      0.464910       0.197090       0.874570   491803.46875 535 Al
      0.125430       0.214910       0.947090   483871.15625  67 Al
      0.375430       0.464910       0.052910   476190.65625 553 Al
      0.874570       0.285090       0.552910   625000.18750 283 Al
      0.035090       0.947090       0.124570   620345.06250  25 Al
      0.035090       0.302910       0.125430   615676.06250  31 Al
      0.874570       0.964910       0.697090   611001.06250 127 Al
      0.535090       0.802910       0.125430   606326.68750 463 Al
      0.697090       0.875430       0.785090   601659.25000  85 Al
      0.035090       0.447090       0.624570   597004.00000 169 Al
      0.214910       0.802910       0.624570   592365.81250 181 Al
      0.875430       0.285090       0.197090   587748.75000 277 Al
      0.124570       0.535090       0.447090   583156.56250 193 Al
      0.374570       0.785090       0.552910   578592.31250 427 Al
      0.875430       0.964910       0.052910   574059.00000 121 Al
      0.875430       0.785090       0.697090   569559.06250 133 Al
      0.623090       0.946480       0.536710   565094.62500 314 Al
      0.625430       0.535090       0.302910   560667.43750 487 Al
      0.052910       0.875430       0.964910   556279.25000  73 Al
      0.125430       0.714910       0.447090   551931.25000 211 Al
      0.785090       0.197090       0.375430   547624.68750 253 Al
      0.624570       0.714910       0.302910   543360.50000 493 Al
      0.536710       0.123090       0.446480   539139.43750 338 Al
      0.623090       0.303520       0.713290   534962.18750 320 Al
      0.373090       0.553520       0.786710   530829.25000 548 Al
      0.302910       0.125430       0.035090   526741.00000   7 Al
==============================================
MonteCarlo: Metropolis with identity changes
Si > Al, Al > Si. STOP when occurrence <    0.00000
==============================================
Cost_function     Occurrence %     Scan-Cost
    30095.8340        0.000093  30095.244141
    24623.8809        0.000048  24623.619141
    13679.9648        0.000042  13679.662109
     2736.0859        0.000021   2735.747070
        0.1648        0.000015      0.163285
        0.1648        0.000006     -0.669500
        0.1648        0.000006     -0.642970
        0.1648        0.000000     -0.245120
        0.1648        0.000000     -0.314986
        0.1648        0.000000     -0.092936
        0.1648        0.000003      0.028905
        0.1648        0.000000     -0.158380
        0.1648        0.000003     -0.218818
        0.1648        0.000003     -0.447206
        0.1648        0.000006     -0.444461
        0.1648        0.000003     -0.829379
        0.1648        0.000003     -0.562462
        0.1648        0.000003     -0.081565
        0.1648        0.000006     -0.676451
        0.1648        0.000000     -0.648508
        0.1648        0.000009     -0.768773
        0.1648        0.000006     -0.263134
        0.1648        0.000003     -0.758960
        0.1648        0.000006     -0.444071
        0.1648        0.000000     -0.555517
        0.1648        0.000009     -0.746632
        0.1648        0.000003     -0.711942
        0.1648        0.000003     -0.540703
        0.1648        0.000000     -0.282960
        0.1648        0.000000     -0.611516
        0.1648        0.000003     -0.825010
        0.1648        0.000000     -0.050799
        0.1648        0.000003     -0.355299
        0.1648        0.000003     -0.153010
        0.1648        0.000006     -0.762994
        0.1648        0.000006     -0.295257
        0.1648        0.000000     -0.783555
        0.1648        0.000003     -0.385520
        0.1648        0.000000     -0.186707
        0.1648        0.000003     -0.493617
        0.1648        0.000003     -0.331966
        0.1648        0.000006      0.147566
        0.1648        0.000009     -0.766815
        0.1648        0.000003     -0.777130
        0.1648        0.000000      0.162775
        0.1648        0.000003     -0.510863
        0.1648        0.000000     -0.439641
        0.1648        0.000003     -0.581637
        0.1648        0.000006     -0.549567
        0.1648        0.000003     -0.199253
        0.1648        0.000009     -0.251607
==============================================
geometrical properties of  86 Al:
 distancia media y dispersion
   12.1450663       3.50438952    
 distancia minima media y dispersion
   4.40191221       7.56442081E-03
 STOP   12.1450663       4.40191221      0.164824724    
