Random Seed:  1277404441
Number of atoms:   576
Space Group:    1
Cell:
    25.0279999    25.0279999    25.0279999    90.0000000    90.0000000    90.0000000
Box:
    25.0279999     0.0000000     0.0000000
     0.0000000    25.0279999     0.0000000
     0.0000000     0.0000000    25.0279999
----------------------------------------
Inverse Box:
     0.0399553     0.0000000     0.0000000
     0.0000000     0.0399553     0.0000000
     0.0000000     0.0000000     0.0399553
----------------------------------------
[loops] Connectivity between nodes [Degree]:
442222442222442222442222442222442222442222442222442222442222442222442222442222442222442222442222442222442222442222442222442222442222442222442222442222442222442222442222442222442222442222442222442222442222442222442222442222442222442222442222442222442222442222442222442222442222442222442222442222442222442222442222442222442222442222442222442222442222442222442222442222442222442222442222442222442222442222442222442222442222442222442222442222442222442222442222442222442222442222442222442222442222442222442222442222442222442222442222442222442222442222442222442222442222442222442222
Repulsive substitution with cost-function:
cost = 1/(s - p0),  p0 = 3.40 10^-10 m, if s >= p0
cost =   10000000.000 if s <  p0
     Crystalographic positions                  Cost     Label
      0.214910       0.947090       0.125430        0.00000
      0.624570       0.035090       0.447090            NaN 337 Al
      0.126910       0.446480       0.713290        0.17347 188 Al
      0.624570       0.535090       0.947090        0.17750 481 Al
      0.785090       0.552910       0.374570        0.19008 259 Al
      0.785090       0.052910       0.874570        0.19498 115 Al
      0.286710       0.873090       0.553520        0.19504 428 Al
      0.123090       0.303520       0.213290        0.19516  32 Al
      0.463290       0.373090       0.696480        0.22969 566 Al
      0.053520       0.786710       0.873090        0.23742  92 Al
      0.447090       0.625430       0.214910        0.23870 451 Al
      0.873090       0.196480       0.463290        0.24668 254 Al
      0.373090       0.196480       0.963290        0.24528 542 Al
      0.714910       0.802910       0.124570        0.27332 469 Al
      0.946480       0.713290       0.626910        0.27003 164 Al
      0.213290       0.626910       0.446480        0.26679 212 Al
      0.036710       0.123090       0.946480        0.26708  50 Al
      0.626910       0.946480       0.713290        0.27008 332 Al
      0.786710       0.376910       0.196480        0.26779 272 Al
      0.285090       0.052910       0.374570        0.26662 403 Al
      0.285090       0.552910       0.874570        0.26656 547 Al
      0.714910       0.302910       0.624570        0.27629 325 Al
      0.553520       0.786710       0.373090        0.27434 380 Al
      0.785090       0.697090       0.875430        0.27308 109 Al
      0.947090       0.125430       0.214910        0.27158  19 Al
      0.447090       0.125430       0.714910        0.27185 307 Al
      0.052910       0.375430       0.464910        0.27218 217 Al
      0.463290       0.376910       0.053520        0.27207 554 Al
      0.963290       0.876910       0.053520        0.30179 122 Al
      0.463290       0.873090       0.196480        0.30002 422 Al
      0.874570       0.964910       0.697090        0.29857 127 Al
      0.197090       0.374570       0.964910        0.29653 511 Al
      0.303520       0.536710       0.626910   303030.59375 158 Al
      0.696480       0.286710       0.376910   294117.93750 224 Al
      0.875430       0.464910       0.552910   285714.56250 265 Al
      0.624570       0.214910       0.802910   277778.06250 349 Al
      0.196480       0.786710       0.376910   270270.53125 368 Al
      0.803520       0.536710       0.126910   263158.15625 446 Al
      0.302910       0.124570       0.214910   256410.51562  13 Al
      0.123090       0.803520       0.713290   250000.26562 176 Al
      0.447090       0.624570       0.035090   243902.70312 433 Al
      0.447090       0.124570       0.535090   238095.50000 289 Al
      0.964910       0.552910       0.375430   232558.40625 241 Al
      0.697090       0.874570       0.964910   227273.00000  79 Al
      0.463290       0.876910       0.553520   222222.46875 410 Al
      0.625430       0.535090       0.302910   217391.54688 487 Al
      0.125430       0.035090       0.302910   212766.20312  55 Al
      0.036710       0.626910       0.803520   208333.57812 206 Al
      0.213290       0.126910       0.946480   204081.87500  68 Al
      0.963290       0.373090       0.196480   200000.26562 278 Al
      0.373090       0.696480       0.463290   196078.68750 398 Al
      0.802910       0.124570       0.714910   192307.93750 301 Al
      0.464910       0.552910       0.875430   188679.50000 529 Al
      0.053520       0.963290       0.876910   185185.43750  74 Al
      0.286710       0.376910       0.696480   181818.43750 560 Al
      0.464910       0.052910       0.375430   178571.67188 385 Al
      0.625430       0.714910       0.947090   175438.84375 499 Al
      0.126910       0.803520       0.536710   172414.04688 182 Al
      0.303520       0.713290       0.623090   169491.78125 152 Al
      0.035090       0.447090       0.624570   166666.92188 169 Al
      0.286710       0.876910       0.196480   169584.29688 416 Al
      0.623090       0.446480       0.036710   172219.40625 458 Al
      0.214910       0.302910       0.124570   174594.89062  37 Al
      0.947090       0.124570       0.035090   332981.40625   1 Al
      0.123090       0.946480       0.036710   332493.96875  26 Al
      0.124570       0.214910       0.302910   331876.53125  61 Al
      0.623090       0.946480       0.536710   331141.59375 314 Al
      0.697090       0.875430       0.785090   330300.46875  85 Al
      0.802910       0.125430       0.535090   329363.46875 295 Al
      0.535090       0.302910       0.625430   328340.12500 319 Al
      0.376910       0.696480       0.286710   327238.90625 392 Al
      0.873090       0.696480       0.963290   326067.62500 110 Al
      0.875430       0.785090       0.697090   324833.40625 133 Al
      0.964910       0.197090       0.374570   323542.78125 247 Al
      0.803520       0.713290       0.123090   322201.71875 440 Al
      0.552910       0.374570       0.785090   320815.62500 523 Al
      0.623090       0.803520       0.213290   319389.46875 464 Al
      0.947090       0.624570       0.535090   317927.75000 145 Al
      0.464910       0.197090       0.874570   316434.68750 535 Al
      0.124570       0.535090       0.447090   314914.06250 193 Al
      0.213290       0.623090       0.803520   313369.34375 200 Al
      0.697090       0.374570       0.464910   311803.75000 223 Al
      0.625430       0.035090       0.802910   310220.18750 343 Al
      0.875430       0.964910       0.052910   308621.31250 121 Al
      0.196480       0.286710       0.876910   307009.62500 512 Al
      0.874570       0.285090       0.552910   305387.34375 283 Al
==============================================
MonteCarlo: Metropolis with identity changes
Si > Al, Al > Si. STOP when occurrence <    0.00000
==============================================
Cost_function     Occurrence %     Scan-Cost
    60191.5195        0.000154  60190.898438
    46511.6289        0.000072  46511.609375
    38303.7031        0.000054  38303.601562
    27359.7969        0.000039  27359.126953
    27359.7949        0.000030  27359.673828
    24623.8242        0.000033  24623.218750
    24623.8145        0.000024  24623.607422
    24623.8145        0.000009  24622.855469
    24623.8145        0.000030  24623.781250
    24623.8145        0.000006  24623.281250
    24623.8145        0.000009  24623.066406
    21887.8359        0.000009  21887.501953
    21887.8359        0.000009  21887.509766
    19151.8574        0.000003  19151.582031
    19151.8574        0.000003  19150.955078
    19151.8574        0.000000  19151.593750
    19151.8574        0.000000  19150.974609
    19151.8574        0.000006  19151.851562
    19151.8574        0.000006  19151.626953
    19151.8574        0.000003  19151.210938
    19151.8574        0.000009  19151.443359
    19151.8574        0.000009  19151.054688
    19151.8574        0.000015  19151.203125
    19151.8574        0.000018  19151.525391
    19151.8574        0.000018  19151.296875
    19151.8574        0.000018  19151.050781
    19151.8574        0.000015  19151.236328
    19151.8574        0.000009  19151.320312
    19151.8574        0.000015  19151.445312
    19151.8574        0.000006  19150.958984
    16415.8789        0.000009  16415.521484
    16415.8789        0.000009  16415.394531
    16415.8789        0.000006  16415.503906
    16415.8789        0.000006  16415.214844
    16415.8789        0.000006  16415.720703
    16415.8789        0.000009  16415.626953
    16415.8789        0.000006  16415.068359
    16415.8789        0.000012  16415.072266
    16415.8789        0.000012  16415.794922
    16415.8789        0.000006  16415.351562
    16415.8789        0.000003  16415.484375
    16415.8789        0.000012  16415.722656
    16415.8789        0.000009  16415.232422
    16415.8789        0.000006  16415.626953
    16415.8789        0.000006  16415.347656
    16415.8789        0.000015  16414.933594
    16415.8789        0.000003  16415.714844
    16415.8789        0.000009  16414.888672
    16415.8789        0.000012  16415.703125
    16415.8789        0.000012  16415.220703
    16415.8789        0.000003  16414.917969
==============================================
geometrical properties of  86 Al:
 distancia media y dispersion
   12.1432219       3.49541497    
 distancia minima media y dispersion
   4.21101856      0.440960944    
 STOP   12.1432219       4.21101856       16415.8789    
