Random Seed:  1371186747
Number of atoms:   576
Space Group:    1
Cell:
    25.0279999    25.0279999    25.0279999    90.0000000    90.0000000    90.0000000
Box:
    25.0279999     0.0000000     0.0000000
     0.0000000    25.0279999     0.0000000
     0.0000000     0.0000000    25.0279999
----------------------------------------
Inverse Box:
     0.0399553     0.0000000     0.0000000
     0.0000000     0.0399553     0.0000000
     0.0000000     0.0000000     0.0399553
----------------------------------------
[loops] Connectivity between nodes [Degree]:
442222442222442222442222442222442222442222442222442222442222442222442222442222442222442222442222442222442222442222442222442222442222442222442222442222442222442222442222442222442222442222442222442222442222442222442222442222442222442222442222442222442222442222442222442222442222442222442222442222442222442222442222442222442222442222442222442222442222442222442222442222442222442222442222442222442222442222442222442222442222442222442222442222442222442222442222442222442222442222442222442222442222442222442222442222442222442222442222442222442222442222442222442222442222442222442222
Repulsive substitution with cost-function:
cost = 1/(s - p0),  p0 = 3.40 10^-10 m, if s >= p0
cost =   10000000.000 if s <  p0
     Crystalographic positions                  Cost     Label
      0.964910       0.697090       0.874570        0.00000
      0.873090       0.053520       0.786710            NaN 116 Al
      0.464910       0.697090       0.374570        0.23181 391 Al
      0.373090       0.196480       0.963290        0.18121 542 Al
      0.876910       0.196480       0.286710        0.25537 248 Al
      0.464910       0.552910       0.875430        0.24376 529 Al
      0.964910       0.552910       0.375430        0.25945 241 Al
      0.376910       0.053520       0.463290        0.25411 386 Al
      0.126910       0.946480       0.213290        0.24815  44 Al
      0.626910       0.303520       0.536710        0.25231 326 Al
      0.626910       0.803520       0.036710        0.25089 470 Al
      0.126910       0.446480       0.713290        0.24969 188 Al
      0.214910       0.802910       0.624570        0.25264 181 Al
      0.714910       0.447090       0.125430        0.25154 475 Al
      0.123090       0.303520       0.213290        0.25273  32 Al
      0.626910       0.946480       0.713290        0.27021 332 Al
      0.124570       0.035090       0.947090        0.26682  49 Al
      0.375430       0.285090       0.697090        0.26932 565 Al
      0.446480       0.536710       0.123090        0.27212 434 Al
      0.946480       0.713290       0.626910        0.28563 164 Al
      0.624570       0.035090       0.447090        0.28274 337 Al
      0.874570       0.285090       0.552910        0.28030 283 Al
      0.875430       0.964910       0.052910        0.27802 121 Al
      0.374570       0.964910       0.197090        0.27625 415 Al
      0.213290       0.626910       0.446480        0.27614 212 Al
      0.713290       0.623090       0.303520        0.27588 488 Al
      0.624570       0.214910       0.802910        0.27466 349 Al
      0.197090       0.374570       0.964910        0.27450 511 Al
      0.713290       0.626910       0.946480   344827.84375 500 Al
      0.213290       0.623090       0.803520   333333.59375 200 Al
      0.213290       0.123090       0.303520   322580.90625  56 Al
      0.463290       0.876910       0.553520   312500.25000 410 Al
      0.052910       0.375430       0.464910   303030.56250 217 Al
      0.052910       0.874570       0.785090   294117.90625  91 Al
      0.552910       0.375430       0.964910   285714.53125 505 Al
      0.552910       0.874570       0.285090   277778.03125 379 Al
      0.803520       0.713290       0.123090   270270.50000 440 Al
      0.303520       0.536710       0.626910   263158.12500 158 Al
      0.697090       0.375430       0.285090   256410.50000 229 Al
      0.947090       0.124570       0.035090   250000.23438   1 Al
      0.196480       0.786710       0.376910   243902.67188 368 Al
      0.803520       0.036710       0.626910   238095.46875 302 Al
      0.447090       0.125430       0.714910   232558.37500 307 Al
      0.875430       0.464910       0.552910   227272.96875 265 Al
      0.446480       0.713290       0.126910   222222.45312 452 Al
      0.963290       0.373090       0.196480   217391.53125 278 Al
      0.303520       0.213290       0.123090   212766.17188   8 Al
      0.696480       0.963290       0.873090   208333.56250  86 Al
      0.125430       0.214910       0.947090   204081.85938  67 Al
      0.552910       0.374570       0.785090   200000.23438 523 Al
      0.052910       0.875430       0.964910   196078.68750  73 Al
      0.036710       0.126910       0.303520   192307.93750  62 Al
      0.786710       0.876910       0.696480   188679.50000 128 Al
      0.196480       0.963290       0.373090   185185.43750 374 Al
      0.696480       0.786710       0.876910   181818.43750  80 Al
      0.785090       0.197090       0.375430   178571.67188 253 Al
      0.376910       0.696480       0.286710   181932.29688 392 Al
      0.376910       0.553520       0.963290   184945.31250 530 Al
      0.214910       0.947090       0.125430   187640.54688  43 Al
      0.876910       0.696480       0.786710   190044.93750 104 Al
      0.036710       0.623090       0.446480   192183.10938 194 Al
      0.873090       0.553520       0.286710   194077.31250 260 Al
      0.964910       0.052910       0.875430   195747.71875  97 Al
      0.285090       0.197090       0.875430   197212.71875 541 Al
      0.036710       0.626910       0.803520   198489.12500 206 Al
      0.697090       0.374570       0.464910   199592.18750 223 Al
      0.447090       0.124570       0.535090   200535.89062 289 Al
      0.126910       0.803520       0.536710   201333.01562 182 Al
      0.373090       0.696480       0.463290   201995.23438 398 Al
      0.536710       0.626910       0.303520   202533.28125 494 Al
      0.873090       0.696480       0.963290   202956.96875 110 Al
      0.536710       0.623090       0.946480   203275.31250 482 Al
      0.197090       0.375430       0.785090   203496.56250 517 Al
      0.303520       0.713290       0.623090   203628.37500 152 Al
      0.035090       0.947090       0.124570   203677.71875  25 Al
      0.786710       0.873090       0.053520   203651.09375 140 Al
      0.464910       0.052910       0.375430   203554.43750 385 Al
      0.464910       0.197090       0.874570   203393.20312 535 Al
      0.035090       0.447090       0.624570   203172.46875 169 Al
      0.803520       0.213290       0.623090   202896.87500 296 Al
      0.053520       0.286710       0.373090   202570.81250 236 Al
      0.535090       0.302910       0.625430   202198.23438 319 Al
      0.623090       0.946480       0.536710   201782.84375 314 Al
      0.713290       0.123090       0.803520   201328.06250 344 Al
      0.286710       0.873090       0.553520   200837.06250 428 Al
      0.625430       0.214910       0.447090   200312.78125 355 Al
==============================================
MonteCarlo: Metropolis with identity changes
Si > Al, Al > Si. STOP when occurrence <    0.00000
==============================================
Cost_function     Occurrence %     Scan-Cost
    60191.5195        0.000139  60190.546875
    46511.6289        0.000096  46510.945312
    35567.7188        0.000036  35567.445312
    35567.7188        0.000030  35567.320312
    30095.7656        0.000036  30095.582031
    30095.7637        0.000033  30095.742188
    24623.8066        0.000042  24623.607422
    24623.8066        0.000027  24623.001953
    19151.8906        0.000018  19151.503906
    19151.8906        0.000009  19151.884766
    19151.8867        0.000012  19151.822266
    16415.9141        0.000006  16415.595703
    16415.9121        0.000009  16415.798828
    16415.9121        0.000003  16415.759766
    16415.9121        0.000003  16415.169922
    16415.9121        0.000006  16415.027344
    16415.9121        0.000000  16414.964844
    16415.9121        0.000003  16415.404297
    16415.9121        0.000000  16415.394531
    16415.9121        0.000003  16415.587891
    16415.9121        0.000006  16415.330078
    16415.9121        0.000015  16414.927734
    16415.9121        0.000000  16415.164062
    16415.9121        0.000000  16415.173828
    16415.9121        0.000003  16415.845703
    16415.9121        0.000000  16415.767578
    16415.9121        0.000009  16415.326172
    13679.9365        0.000012  13679.558594
    13679.9365        0.000000  13679.354492
    13679.9365        0.000006  13679.803711
    13679.9365        0.000003  13679.919922
    13679.9365        0.000006  13679.119141
    13679.9365        0.000006  13679.001953
    13679.9365        0.000015  13679.890625
    13679.9365        0.000000  13679.325195
    13679.9365        0.000000  13679.744141
    13679.9365        0.000000  13679.082031
    13679.9365        0.000006  13679.718750
    13679.9365        0.000003  13679.015625
    13679.9365        0.000009  13679.089844
    13679.9365        0.000012  13679.209961
    13679.9365        0.000003  13678.973633
    13679.9365        0.000000  13679.188477
    13679.9365        0.000003  13679.722656
    13679.9365        0.000000  13679.248047
    13679.9365        0.000006  13679.792969
    13679.9365        0.000009  13679.301758
    13679.9365        0.000012  13679.472656
    13679.9365        0.000003  13679.167969
    13679.9365        0.000003  13679.741211
    13679.9365        0.000000  13679.083984
==============================================
geometrical properties of  86 Al:
 distancia media y dispersion
   12.1442766       3.49133968    
 distancia minima media y dispersion
   4.25574017      0.393672198    
 STOP   12.1442766       4.25574017       13679.9365    
