Random Seed:   995401702
Number of atoms:   576
Space Group:    1
Cell:
    25.0279999    25.0279999    25.0279999    90.0000000    90.0000000    90.0000000
Box:
    25.0279999     0.0000000     0.0000000
     0.0000000    25.0279999     0.0000000
     0.0000000     0.0000000    25.0279999
----------------------------------------
Inverse Box:
     0.0399553     0.0000000     0.0000000
     0.0000000     0.0399553     0.0000000
     0.0000000     0.0000000     0.0399553
----------------------------------------
[loops] Connectivity between nodes [Degree]:
442222442222442222442222442222442222442222442222442222442222442222442222442222442222442222442222442222442222442222442222442222442222442222442222442222442222442222442222442222442222442222442222442222442222442222442222442222442222442222442222442222442222442222442222442222442222442222442222442222442222442222442222442222442222442222442222442222442222442222442222442222442222442222442222442222442222442222442222442222442222442222442222442222442222442222442222442222442222442222442222442222442222442222442222442222442222442222442222442222442222442222442222442222442222442222442222
Repulsive substitution with cost-function:
cost = 1/(s - p0),  p0 = 3.40 10^-10 m, if s >= p0
cost =   10000000.000 if s <  p0
     Crystalographic positions                  Cost     Label
      0.964910       0.197090       0.374570        0.00000
      0.552910       0.874570       0.285090            NaN 379 Al
      0.124570       0.714910       0.802910        0.16708 205 Al
      0.553520       0.286710       0.873090        0.16497 524 Al
      0.696480       0.786710       0.876910        0.18901  80 Al
      0.125430       0.214910       0.947090        0.19572  67 Al
      0.125430       0.714910       0.447090        0.23482 211 Al
      0.696480       0.463290       0.373090        0.23161 230 Al
      0.447090       0.124570       0.535090        0.22990 289 Al
      0.447090       0.624570       0.035090        0.23032 433 Al
      0.035090       0.947090       0.124570        0.24560  25 Al
      0.035090       0.447090       0.624570        0.24627 169 Al
      0.803520       0.036710       0.626910        0.24658 302 Al
      0.302910       0.124570       0.214910        0.24395  13 Al
      0.803520       0.536710       0.126910        0.25397 446 Al
      0.374570       0.464910       0.697090        0.25322 559 Al
      0.374570       0.785090       0.552910        0.25610 427 Al
      0.876910       0.053520       0.963290        0.25434  98 Al
      0.286710       0.373090       0.053520        0.25419 572 Al
      0.714910       0.302910       0.624570   500000.25000 325 Al
      0.875430       0.785090       0.697090   476190.71875 133 Al
      0.376910       0.696480       0.286710   454545.71875 392 Al
      0.963290       0.373090       0.196480   434782.84375 278 Al
      0.625430       0.035090       0.802910   416666.87500 343 Al
      0.196480       0.963290       0.373090   400000.21875 374 Al
      0.714910       0.802910       0.124570   384615.59375 469 Al
      0.876910       0.553520       0.463290   370370.59375 242 Al
      0.376910       0.196480       0.786710   357143.06250 536 Al
      0.535090       0.447090       0.124570   344827.81250 457 Al
      0.053520       0.963290       0.876910   333333.56250  74 Al
      0.624570       0.035090       0.447090   322580.87500 337 Al
      0.196480       0.463290       0.873090   312500.21875 518 Al
      0.053520       0.463290       0.376910   303030.53125 218 Al
      0.873090       0.696480       0.963290   294117.84375 110 Al
      0.286710       0.876910       0.196480   285714.46875 416 Al
      0.624570       0.535090       0.947090   277777.96875 481 Al
      0.535090       0.947090       0.624570   270270.46875 313 Al
      0.785090       0.197090       0.375430   263158.09375 253 Al
      0.302910       0.625430       0.535090   256410.46875 151 Al
      0.302910       0.125430       0.035090   250000.21875   7 Al
      0.946480       0.213290       0.126910   243902.68750  20 Al
      0.035090       0.802910       0.625430   238095.48438 175 Al
      0.535090       0.302910       0.625430   232558.37500 319 Al
      0.624570       0.714910       0.302910   227272.96875 493 Al
      0.124570       0.214910       0.302910   222222.45312  61 Al
      0.874570       0.285090       0.552910   217391.53125 283 Al
      0.947090       0.625430       0.714910   212766.18750 163 Al
      0.464910       0.552910       0.875430   208333.54688 529 Al
      0.214910       0.447090       0.625430   204081.84375 187 Al
      0.873090       0.053520       0.786710   200000.21875 116 Al
      0.464910       0.052910       0.375430   196078.65625 385 Al
      0.535090       0.802910       0.125430   192307.90625 463 Al
      0.786710       0.376910       0.196480   188679.46875 272 Al
      0.214910       0.802910       0.624570   185185.40625 181 Al
      0.873090       0.553520       0.286710   181818.40625 260 Al
      0.625430       0.214910       0.447090   178571.64062 355 Al
      0.302910       0.624570       0.714910   175438.81250 157 Al
      0.375430       0.964910       0.552910   172414.01562 409 Al
      0.552910       0.875430       0.464910   169491.75000 361 Al
      0.123090       0.946480       0.036710   166666.89062  26 Al
      0.053520       0.786710       0.873090   169584.23438  92 Al
      0.697090       0.875430       0.785090   172219.37500  85 Al
      0.624570       0.214910       0.802910   174594.85938 349 Al
      0.625430       0.714910       0.947090   176731.39062 499 Al
      0.126910       0.303520       0.036710   178647.81250  38 Al
      0.963290       0.876910       0.053520   180361.39062 122 Al
      0.196480       0.786710       0.376910   181887.82812 368 Al
      0.625430       0.535090       0.302910   183241.60938 487 Al
      0.552910       0.375430       0.964910   184435.93750 505 Al
      0.036710       0.123090       0.946480   185482.93750  50 Al
      0.196480       0.286710       0.876910   186393.79688 512 Al
      0.697090       0.874570       0.964910   187178.68750  79 Al
      0.036710       0.623090       0.446480   187847.07812 194 Al
      0.946480       0.036710       0.123090   188407.65625   2 Al
      0.697090       0.374570       0.464910   188868.35938 223 Al
      0.802910       0.125430       0.535090   189236.65625 295 Al
      0.125430       0.035090       0.302910   189519.32812  55 Al
      0.464910       0.697090       0.374570   189722.62500 391 Al
      0.552910       0.374570       0.785090   189852.42188 523 Al
      0.285090       0.552910       0.874570   189914.06250 547 Al
      0.447090       0.125430       0.714910   189912.56250 307 Al
      0.714910       0.947090       0.625430   189852.53125 331 Al
      0.374570       0.285090       0.052910   189738.25000 571 Al
      0.123090       0.303520       0.213290   427668.87500  32 Al
      0.875430       0.464910       0.552910   424656.65625 265 Al
      0.125430       0.535090       0.802910   421666.37500 199 Al
==============================================
MonteCarlo: Metropolis with identity changes
Si > Al, Al > Si. STOP when occurrence <    0.00000
==============================================
Cost_function     Occurrence %     Scan-Cost
    49247.6133        0.000090  49246.859375
    41039.6797        0.000075  41039.542969
    35567.7188        0.000066  35567.304688
    30095.7617        0.000054  30095.322266
    24623.8125        0.000048  24623.400391
    21887.8262        0.000033  21887.316406
    21887.8242        0.000027  21887.160156
    16415.8887        0.000018  16415.326172
    16415.8828        0.000018  16415.533203
    13679.9053        0.000015  13679.273438
    13679.9053        0.000003  13679.458984
    13679.9023        0.000009  13679.473633
    13679.9023        0.000006  13679.874023
    13679.9023        0.000000  13679.456055
    13679.9023        0.000006  13678.918945
    13679.9023        0.000000  13679.000977
    13679.9023        0.000000  13679.057617
    13679.9023        0.000003  13679.661133
    13679.9023        0.000000  13679.649414
    13679.9023        0.000000  13678.968750
    13679.9023        0.000000  13678.925781
    13679.9023        0.000000  13679.087891
    13679.9023        0.000000  13679.096680
    13679.9023        0.000003  13679.592773
    13679.9023        0.000006  13679.168945
    13679.9023        0.000000  13679.707031
    13679.9023        0.000000  13679.876953
    13679.9023        0.000000  13679.030273
    13679.9023        0.000000  13679.444336
    13679.9023        0.000003  13679.349609
    13679.9023        0.000006  13678.985352
    13679.9023        0.000000  13679.864258
    13679.9023        0.000000  13679.108398
    13679.9023        0.000000  13679.844727
    13679.9023        0.000000  13679.698242
    13679.9023        0.000000  13679.280273
    13679.9023        0.000009  13679.298828
    13679.9023        0.000000  13678.908203
    13679.9023        0.000000  13679.163086
    13679.9023        0.000000  13679.798828
    13679.9023        0.000000  13679.111328
    13679.9023        0.000000  13679.008789
    13679.9023        0.000003  13679.838867
    13679.9023        0.000006  13679.324219
    13679.9023        0.000000  13679.672852
    13679.9023        0.000000  13679.278320
    13679.9023        0.000000  13679.867188
    13679.9023        0.000000  13679.897461
    13679.9023        0.000000  13679.086914
    13679.9023        0.000009  13679.042969
    13679.9023        0.000000  13678.985352
==============================================
geometrical properties of  86 Al:
 distancia media y dispersion
   12.1492319       3.49072123    
 distancia minima media y dispersion
   4.25265026      0.401223421    
 STOP   12.1492319       4.25265026       13679.9023    
