Random Seed:  1062659720
Number of atoms:   576
Space Group:    1
Cell:
    25.0279999    25.0279999    25.0279999    90.0000000    90.0000000    90.0000000
Box:
    25.0279999     0.0000000     0.0000000
     0.0000000    25.0279999     0.0000000
     0.0000000     0.0000000    25.0279999
----------------------------------------
Inverse Box:
     0.0399553     0.0000000     0.0000000
     0.0000000     0.0399553     0.0000000
     0.0000000     0.0000000     0.0399553
----------------------------------------
[loops] Connectivity between nodes [Degree]:
442222442222442222442222442222442222442222442222442222442222442222442222442222442222442222442222442222442222442222442222442222442222442222442222442222442222442222442222442222442222442222442222442222442222442222442222442222442222442222442222442222442222442222442222442222442222442222442222442222442222442222442222442222442222442222442222442222442222442222442222442222442222442222442222442222442222442222442222442222442222442222442222442222442222442222442222442222442222442222442222442222442222442222442222442222442222442222442222442222442222442222442222442222442222442222442222
Repulsive substitution with cost-function:
cost = 1/(s - p0),  p0 = 3.40 10^-10 m, if s >= p0
cost =   10000000.000 if s <  p0
     Crystalographic positions                  Cost     Label
      0.374570       0.285090       0.052910        0.00000
      0.624570       0.535090       0.947090            NaN 481 Al
      0.126910       0.803520       0.536710  3333333.50000 182 Al
      0.624570       0.035090       0.447090  2500000.00000 337 Al
      0.876910       0.053520       0.963290  2000000.12500  98 Al
      0.052910       0.375430       0.464910  1666666.75000 217 Al
      0.375430       0.785090       0.197090  1428571.50000 421 Al
      0.125430       0.535090       0.802910  1250000.12500 199 Al
      0.696480       0.463290       0.373090  1111111.25000 230 Al
      0.625430       0.035090       0.802910  1000000.12500 343 Al
      0.125430       0.035090       0.302910   909091.06250  55 Al
      0.873090       0.696480       0.963290   833333.43750 110 Al
      0.375430       0.285090       0.697090   769230.87500 565 Al
      0.035090       0.302910       0.125430   714285.81250  31 Al
      0.374570       0.785090       0.552910   666666.81250 427 Al
      0.803520       0.213290       0.623090   625000.12500 296 Al
      0.624570       0.714910       0.302910   588235.43750 493 Al
      0.123090       0.946480       0.036710   555555.68750  26 Al
      0.875430       0.785090       0.697090   526315.93750 133 Al
      0.376910       0.553520       0.963290   500000.12500 530 Al
      0.876910       0.196480       0.286710   476190.62500 248 Al
      0.376910       0.053520       0.463290   454545.62500 386 Al
      0.626910       0.803520       0.036710   434782.75000 470 Al
      0.303520       0.536710       0.626910   416666.81250 158 Al
      0.876910       0.553520       0.463290   400000.15625 242 Al
      0.213290       0.126910       0.946480   384615.53125  68 Al
      0.553520       0.286710       0.873090   370370.53125 524 Al
      0.803520       0.536710       0.126910   357143.00000 446 Al
      0.052910       0.874570       0.785090   344827.75000  91 Al
      0.626910       0.303520       0.536710   333333.50000 326 Al
      0.213290       0.626910       0.446480   322580.78125 212 Al
      0.302910       0.124570       0.214910   312500.12500  13 Al
      0.714910       0.947090       0.625430   303030.43750 331 Al
      0.535090       0.447090       0.124570   294117.78125 457 Al
      0.197090       0.374570       0.964910   285714.40625 511 Al
      0.946480       0.536710       0.623090   555555.68750 146 Al
      0.446480       0.036710       0.623090   540540.68750 290 Al
      0.786710       0.873090       0.053520   526315.93750 140 Al
      0.197090       0.875430       0.285090   512820.65625 373 Al
      0.873090       0.053520       0.786710   500000.15625 116 Al
      0.552910       0.874570       0.285090   487805.03125 379 Al
      0.786710       0.376910       0.196480   476190.65625 272 Al
      0.124570       0.214910       0.302910   465116.46875  61 Al
      0.447090       0.625430       0.214910   454545.65625 451 Al
      0.124570       0.714910       0.802910   444444.59375 205 Al
      0.696480       0.786710       0.876910   434782.78125  80 Al
      0.946480       0.036710       0.123090   425532.09375   2 Al
      0.373090       0.553520       0.786710   416666.84375 548 Al
      0.873090       0.196480       0.463290   408163.40625 254 Al
      0.623090       0.303520       0.713290   400000.15625 320 Al
      0.197090       0.375430       0.785090   392157.03125 517 Al
      0.873090       0.553520       0.286710   384615.53125 260 Al
      0.374570       0.964910       0.197090   377358.65625 415 Al
      0.552910       0.875430       0.464910   370370.53125 361 Al
      0.036710       0.623090       0.446480   363636.53125 194 Al
      0.036710       0.123090       0.946480   357143.03125  50 Al
      0.696480       0.286710       0.376910   350877.34375 224 Al
      0.052910       0.374570       0.285090   344827.78125 235 Al
      0.464910       0.697090       0.374570   338983.21875 391 Al
      0.963290       0.876910       0.053520   333333.53125 122 Al
      0.786710       0.373090       0.553520   327869.00000 284 Al
      0.214910       0.302910       0.124570   322580.81250  37 Al
      0.803520       0.713290       0.123090   476190.62500 440 Al
      0.123090       0.446480       0.536710   468750.15625 170 Al
      0.214910       0.802910       0.624570   466498.87500 181 Al
      0.536710       0.123090       0.446480   464160.93750 338 Al
      0.536710       0.623090       0.946480   461747.28125 482 Al
      0.376910       0.196480       0.786710   459267.93750 536 Al
      0.696480       0.963290       0.873090   456731.75000  86 Al
      0.964910       0.697090       0.874570   454146.93750 103 Al
      0.197090       0.874570       0.464910   451520.81250 367 Al
      0.625430       0.535090       0.302910   448859.87500 487 Al
      0.553520       0.463290       0.876910   446170.18750 506 Al
      0.373090       0.196480       0.963290   443457.25000 542 Al
      0.463290       0.373090       0.696480   440725.68750 566 Al
      0.946480       0.713290       0.626910   437980.15625 164 Al
      0.214910       0.947090       0.125430   435224.50000  43 Al
      0.946480       0.213290       0.126910   432462.28125  20 Al
      0.963290       0.376910       0.553520   429696.90625 266 Al
      0.803520       0.036710       0.626910   426931.18750 302 Al
      0.713290       0.123090       0.803520   424167.84375 344 Al
      0.713290       0.626910       0.946480   421409.21875 500 Al
      0.053520       0.963290       0.876910   418657.50000  74 Al
      0.446480       0.213290       0.626910   415914.56250 308 Al
      0.713290       0.126910       0.446480   413182.15625 356 Al
      0.535090       0.947090       0.624570   410461.87500 313 Al
==============================================
MonteCarlo: Metropolis with identity changes
Si > Al, Al > Si. STOP when occurrence <    0.00000
==============================================
Cost_function     Occurrence %     Scan-Cost
    49247.6055        0.000096  49247.042969
    35567.7188        0.000090  35567.070312
    32831.7383        0.000057  32831.078125
    32831.7383        0.000030  32831.679688
    27359.7891        0.000027  27359.244141
    16415.9141        0.000030  16415.050781
    16415.9023        0.000015  16415.361328
    16415.9004        0.000006  16415.203125
    16415.9004        0.000003  16415.863281
    16415.8867        0.000006  16415.083984
    16415.8867        0.000015  16415.039062
    16415.8867        0.000012  16414.986328
    16415.8867        0.000006  16415.312500
    16415.8867        0.000015  16414.916016
    13679.9082        0.000015  13678.954102
    13679.9082        0.000006  13679.857422
    13679.9082        0.000003  13679.445312
    13679.9082        0.000006  13679.022461
    13679.9082        0.000009  13679.250000
    13679.9082        0.000000  13679.711914
    13679.9082        0.000003  13679.150391
    13679.9082        0.000003  13679.769531
    13679.9082        0.000012  13679.027344
    13679.9082        0.000018  13679.619141
    13679.9082        0.000003  13679.625000
    13679.9082        0.000009  13679.687500
    13679.9082        0.000036  13679.647461
    13679.9082        0.000015  13679.388672
    13679.9082        0.000039  13679.784180
    13679.9072        0.000015  13679.508789
    10943.9658        0.000009  10943.879883
    10943.9609        0.000015  10943.586914
     5472.0034        0.000018   5471.189453
     5472.0034        0.000012   5471.328613
     5472.0020        0.000021   5471.634766
     5472.0020        0.000015   5471.055664
     5472.0005        0.000018   5471.511230
     2736.0144        0.000030   2735.313477
     2736.0142        0.000009   2735.772949
     2736.0142        0.000000   2735.667480
     2736.0142        0.000009   2735.818604
     2736.0142        0.000012   2735.775146
     2736.0142        0.000009   2735.293701
     2736.0142        0.000012   2735.426514
     2736.0142        0.000018   2735.815674
     2736.0142        0.000018   2735.190186
        0.1662        0.000030     -0.269745
        0.1661        0.000003     -0.507180
        0.1661        0.000000     -0.262841
        0.1661        0.000000      0.123363
        0.1661        0.000000     -0.039296
==============================================
geometrical properties of  86 Al:
 distancia media y dispersion
   12.1299353       3.50584793    
 distancia minima media y dispersion
   4.39736986      0.114069857    
 STOP   12.1299353       4.39736986      0.166102320    
