Random Seed:  1100697298
Number of atoms:   576
Space Group:    1
Cell:
    25.0279999    25.0279999    25.0279999    90.0000000    90.0000000    90.0000000
Box:
    25.0279999     0.0000000     0.0000000
     0.0000000    25.0279999     0.0000000
     0.0000000     0.0000000    25.0279999
----------------------------------------
Inverse Box:
     0.0399553     0.0000000     0.0000000
     0.0000000     0.0399553     0.0000000
     0.0000000     0.0000000     0.0399553
----------------------------------------
[loops] Connectivity between nodes [Degree]:
442222442222442222442222442222442222442222442222442222442222442222442222442222442222442222442222442222442222442222442222442222442222442222442222442222442222442222442222442222442222442222442222442222442222442222442222442222442222442222442222442222442222442222442222442222442222442222442222442222442222442222442222442222442222442222442222442222442222442222442222442222442222442222442222442222442222442222442222442222442222442222442222442222442222442222442222442222442222442222442222442222442222442222442222442222442222442222442222442222442222442222442222442222442222442222442222
Repulsive substitution with cost-function:
cost = 1/(s - p0),  p0 = 3.40 10^-10 m, if s >= p0
cost =   10000000.000 if s <  p0
     Crystalographic positions                  Cost     Label
      0.302910       0.625430       0.535090        0.00000
      0.803520       0.713290       0.123090            NaN 440 Al
      0.302910       0.125430       0.035090        0.13885   7 Al
      0.803520       0.213290       0.623090        0.20939 296 Al
      0.447090       0.624570       0.035090        0.19753 433 Al
      0.447090       0.124570       0.535090        0.23265 289 Al
      0.946480       0.213290       0.126910        0.23008  20 Al
      0.946480       0.713290       0.626910        0.23506 164 Al
      0.197090       0.875430       0.285090        0.22837 373 Al
      0.197090       0.375430       0.785090        0.23311 517 Al
      0.697090       0.875430       0.785090        0.25060  85 Al
      0.697090       0.375430       0.285090        0.24716 229 Al
      0.552910       0.874570       0.285090        0.24693 379 Al
      0.552910       0.374570       0.785090        0.24595 523 Al
      0.052910       0.875430       0.964910        0.24963  73 Al
      0.052910       0.375430       0.464910        0.24832 217 Al
      0.286710       0.873090       0.553520        0.24802 428 Al
      0.286710       0.373090       0.053520        0.24707 572 Al
      0.785090       0.552910       0.374570   526316.06250 259 Al
      0.785090       0.052910       0.874570   500000.28125 115 Al
      0.213290       0.123090       0.303520   476190.71875  56 Al
      0.213290       0.623090       0.803520   454545.71875 200 Al
      0.713290       0.126910       0.446480   434782.84375 356 Al
      0.713290       0.626910       0.946480   416666.90625 500 Al
      0.536710       0.126910       0.803520   400000.25000 350 Al
      0.536710       0.626910       0.303520   384615.62500 494 Al
      0.036710       0.123090       0.946480   370370.59375  50 Al
      0.036710       0.623090       0.446480   357143.06250 194 Al
      0.964910       0.197090       0.374570   344827.81250 247 Al
      0.964910       0.697090       0.874570   333333.56250 103 Al
      0.623090       0.946480       0.536710   322580.87500 314 Al
      0.623090       0.446480       0.036710   312500.21875 458 Al
      0.374570       0.964910       0.197090   303030.53125 415 Al
      0.374570       0.464910       0.697090   294117.87500 559 Al
      0.875430       0.964910       0.052910   285714.50000 121 Al
      0.875430       0.464910       0.552910   277778.00000 265 Al
      0.874570       0.464910       0.197090   270270.46875 271 Al
      0.874570       0.964910       0.697090   263158.09375 127 Al
      0.123090       0.303520       0.213290   256410.46875  32 Al
      0.123090       0.803520       0.713290   250000.21875 176 Al
      0.626910       0.303520       0.536710   243902.64062 326 Al
      0.626910       0.803520       0.036710   238095.43750 470 Al
      0.376910       0.696480       0.286710   232558.34375 392 Al
      0.376910       0.196480       0.786710   227272.93750 536 Al
      0.464910       0.052910       0.375430   222222.42188 385 Al
      0.464910       0.552910       0.875430   217391.50000 529 Al
      0.035090       0.447090       0.624570   212766.15625 169 Al
      0.035090       0.947090       0.124570   208333.53125  25 Al
      0.463290       0.876910       0.553520   204081.82812 410 Al
      0.463290       0.376910       0.053520   200000.20312 554 Al
      0.126910       0.303520       0.036710   392157.09375  38 Al
      0.126910       0.803520       0.536710   384615.59375 182 Al
      0.214910       0.447090       0.625430   377358.71875 187 Al
      0.214910       0.947090       0.125430   370370.59375  43 Al
      0.213290       0.126910       0.946480   363636.59375  68 Al
      0.213290       0.626910       0.446480   363876.90625 212 Al
      0.802910       0.124570       0.714910   363864.28125 301 Al
      0.802910       0.624570       0.214910   363624.62500 445 Al
      0.947090       0.125430       0.214910   363181.56250  19 Al
      0.053520       0.963290       0.876910   362556.06250  74 Al
      0.626910       0.946480       0.713290   361767.18750 332 Al
      0.874570       0.785090       0.052910   360832.06250 139 Al
      0.875430       0.785090       0.697090   359766.03125 133 Al
      0.303520       0.213290       0.123090   358583.00000   8 Al
      0.303520       0.713290       0.623090   511141.71875 152 Al
      0.874570       0.285090       0.552910   507430.15625 283 Al
      0.446480       0.536710       0.123090   503705.31250 434 Al
      0.446480       0.036710       0.623090   499973.43750 290 Al
      0.196480       0.963290       0.373090   496240.06250 374 Al
      0.553520       0.786710       0.373090   492510.06250 380 Al
      0.446480       0.713290       0.126910   488787.84375 452 Al
      0.626910       0.446480       0.213290   485077.15625 476 Al
      0.696480       0.786710       0.876910   481381.46875  80 Al
      0.196480       0.463290       0.873090   477703.75000 518 Al
      0.553520       0.286710       0.873090   474046.65625 524 Al
      0.446480       0.213290       0.626910   470412.56250 308 Al
      0.947090       0.625430       0.714910   466803.43750 163 Al
      0.696480       0.286710       0.376910   463221.00000 224 Al
      0.875430       0.285090       0.197090   459666.93750 277 Al
      0.053520       0.463290       0.376910   456142.50000 218 Al
      0.623090       0.303520       0.713290   452648.87500 320 Al
      0.373090       0.696480       0.463290   449187.03125 398 Al
      0.196480       0.786710       0.376910   445757.75000 368 Al
      0.623090       0.803520       0.213290   442361.81250 464 Al
      0.196480       0.286710       0.876910   438999.75000 512 Al
      0.373090       0.196480       0.963290   435672.00000 542 Al
==============================================
MonteCarlo: Metropolis with identity changes
Si > Al, Al > Si. STOP when occurrence <    0.00000
==============================================
Cost_function     Occurrence %     Scan-Cost
    65663.4766        0.000124  65662.968750
    54719.5625        0.000090  54719.218750
    43775.6523        0.000063  43774.882812
    35567.7188        0.000069  35567.652344
    32831.7422        0.000036  32830.867188
    24623.8066        0.000057  24623.007812
    21887.8301        0.000015  21886.871094
    21887.8301        0.000018  21887.291016
    13679.9033        0.000018  13679.563477
    13679.9004        0.000006  13679.653320
    10943.9297        0.000006  10943.762695
    10943.9297        0.000000  10943.244141
    10943.9287        0.000009  10943.624023
    10943.9287        0.000000  10942.953125
    10943.9287        0.000000  10943.146484
    10943.9287        0.000000  10943.522461
    10943.9287        0.000000  10943.070312
    10943.9277        0.000003  10943.416992
    10943.9277        0.000003  10943.200195
    10943.9277        0.000000  10943.301758
    10943.9277        0.000000  10943.686523
    10943.9277        0.000000  10943.281250
    10943.9277        0.000000  10942.936523
    10943.9277        0.000000  10943.095703
    10943.9277        0.000000  10942.990234
    10943.9277        0.000000  10943.131836
    10943.9277        0.000000  10943.038086
    10943.9277        0.000000  10943.491211
    10943.9277        0.000000  10943.919922
    10943.9277        0.000000  10943.051758
    10943.9277        0.000000  10943.087891
    10943.9277        0.000000  10943.365234
    10943.9277        0.000000  10942.998047
    10943.9277        0.000000  10943.262695
    10943.9277        0.000000  10943.521484
    10943.9277        0.000000  10943.137695
    10943.9277        0.000000  10943.291992
    10943.9277        0.000000  10943.239258
    10943.9277        0.000000  10943.760742
    10943.9277        0.000000  10943.010742
    10943.9277        0.000000  10943.415039
    10943.9277        0.000000  10943.745117
    10943.9277        0.000000  10942.991211
    10943.9277        0.000000  10943.653320
    10943.9277        0.000000  10943.078125
    10943.9277        0.000000  10943.492188
    10943.9277        0.000000  10943.875000
    10943.9277        0.000000  10943.174805
    10943.9277        0.000000  10943.015625
    10943.9277        0.000000  10943.618164
    10943.9277        0.000000  10943.276367
==============================================
geometrical properties of  86 Al:
 distancia media y dispersion
   12.1444597       3.48864651    
 distancia minima media y dispersion
   4.26999855      0.366597444    
 STOP   12.1444597       4.26999855       10943.9277    
