Random Seed:  1355234525
Number of atoms:   576
Space Group:    1
Cell:
    25.0279999    25.0279999    25.0279999    90.0000000    90.0000000    90.0000000
Box:
    25.0279999     0.0000000     0.0000000
     0.0000000    25.0279999     0.0000000
     0.0000000     0.0000000    25.0279999
----------------------------------------
Inverse Box:
     0.0399553     0.0000000     0.0000000
     0.0000000     0.0399553     0.0000000
     0.0000000     0.0000000     0.0399553
----------------------------------------
[loops] Connectivity between nodes [Degree]:
442222442222442222442222442222442222442222442222442222442222442222442222442222442222442222442222442222442222442222442222442222442222442222442222442222442222442222442222442222442222442222442222442222442222442222442222442222442222442222442222442222442222442222442222442222442222442222442222442222442222442222442222442222442222442222442222442222442222442222442222442222442222442222442222442222442222442222442222442222442222442222442222442222442222442222442222442222442222442222442222442222442222442222442222442222442222442222442222442222442222442222442222442222442222442222442222
Repulsive substitution with cost-function:
cost = 1/(s - p0),  p0 = 3.40 10^-10 m, if s >= p0
cost =   10000000.000 if s <  p0
     Crystalographic positions                  Cost     Label
      0.197090       0.875430       0.285090        0.00000
      0.213290       0.126910       0.946480            NaN  68 Al
      0.697090       0.374570       0.464910        0.26476 223 Al
      0.713290       0.626910       0.946480        0.20786 500 Al
      0.213290       0.623090       0.803520        0.20148 200 Al
      0.713290       0.123090       0.803520        0.21578 344 Al
      0.552910       0.875430       0.464910        0.21373 361 Al
      0.052910       0.374570       0.285090        0.21211 235 Al
      0.963290       0.873090       0.696480        0.22375 134 Al
      0.463290       0.376910       0.053520        0.22450 554 Al
      0.786710       0.873090       0.053520        0.30552 140 Al
      0.286710       0.376910       0.696480        0.29890 560 Al
      0.036710       0.623090       0.446480        0.30039 194 Al
      0.536710       0.626910       0.303520        0.29676 494 Al
      0.447090       0.124570       0.535090        0.29525 289 Al
      0.947090       0.125430       0.214910        0.29110  19 Al
      0.302910       0.124570       0.214910        0.28904  13 Al
      0.802910       0.125430       0.535090        0.29562 295 Al
      0.447090       0.624570       0.035090        0.29154 433 Al
      0.947090       0.625430       0.714910        0.29677 163 Al
      0.786710       0.376910       0.196480        0.29418 272 Al
      0.286710       0.873090       0.553520        0.29220 428 Al
      0.052910       0.875430       0.964910        0.28855  73 Al
      0.552910       0.374570       0.785090        0.28647 523 Al
      0.463290       0.873090       0.196480        0.28709 422 Al
      0.963290       0.376910       0.553520        0.28550 266 Al
      0.697090       0.875430       0.785090        0.28339  85 Al
      0.197090       0.374570       0.964910        0.28094 511 Al
      0.302910       0.625430       0.535090   344827.87500 151 Al
      0.802910       0.624570       0.214910   333333.62500 445 Al
      0.464910       0.197090       0.874570   322580.90625 535 Al
      0.964910       0.052910       0.875430   312500.25000  97 Al
      0.964910       0.197090       0.374570   303030.56250 247 Al
      0.464910       0.052910       0.375430   294117.90625 385 Al
      0.285090       0.697090       0.375430   285714.53125 397 Al
      0.964910       0.697090       0.874570   277778.03125 103 Al
      0.785090       0.552910       0.374570   270270.53125 259 Al
      0.464910       0.552910       0.875430   263158.18750 529 Al
      0.535090       0.947090       0.624570   256410.50000 313 Al
      0.035090       0.302910       0.125430   250000.25000  31 Al
      0.035090       0.947090       0.124570   243902.68750  25 Al
      0.535090       0.302910       0.625430   238095.46875 319 Al
      0.626910       0.803520       0.036710   232558.37500 470 Al
      0.126910       0.446480       0.713290   227272.96875 188 Al
      0.626910       0.446480       0.213290   222222.45312 476 Al
      0.126910       0.803520       0.536710   217391.53125 182 Al
      0.625430       0.214910       0.447090   212766.18750 355 Al
      0.125430       0.035090       0.302910   208333.57812  55 Al
      0.214910       0.302910       0.124570   204081.87500  37 Al
      0.714910       0.947090       0.625430   400000.21875 331 Al
      0.447090       0.125430       0.714910   392157.09375 307 Al
      0.947090       0.124570       0.035090   384615.59375   1 Al
      0.123090       0.446480       0.536710   377358.71875 170 Al
      0.623090       0.803520       0.213290   370370.59375 464 Al
      0.623090       0.446480       0.036710   363636.59375 458 Al
      0.123090       0.803520       0.713290   357143.09375 176 Al
      0.714910       0.302910       0.624570   350877.40625 325 Al
      0.214910       0.947090       0.125430   344827.84375  43 Al
      0.785090       0.197090       0.375430   338983.28125 253 Al
      0.285090       0.052910       0.374570   333333.59375 403 Al
      0.124570       0.214910       0.302910   327869.06250  61 Al
      0.624570       0.035090       0.447090   322580.87500 337 Al
      0.302910       0.125430       0.035090   317460.53125   7 Al
      0.125430       0.214910       0.947090   317620.40625  67 Al
      0.785090       0.697090       0.875430   317613.03125 109 Al
      0.874570       0.785090       0.052910   317453.46875 139 Al
      0.302910       0.624570       0.714910   317155.56250 157 Al
      0.785090       0.052910       0.874570   316731.93750 115 Al
      0.874570       0.964910       0.697090   316194.03125 127 Al
      0.947090       0.624570       0.535090   315552.37500 145 Al
      0.625430       0.035090       0.802910   314816.53125 343 Al
      0.285090       0.552910       0.874570   313995.15625 547 Al
      0.447090       0.625430       0.214910   313096.31250 451 Al
      0.375430       0.464910       0.052910   312127.28125 553 Al
      0.374570       0.464910       0.697090   444428.06250 559 Al
      0.124570       0.035090       0.947090   441583.81250  49 Al
      0.053520       0.463290       0.376910   438733.25000 218 Al
      0.553520       0.786710       0.373090   435879.96875 380 Al
      0.802910       0.625430       0.035090   433026.96875 439 Al
      0.285090       0.197090       0.875430   430176.96875 541 Al
      0.875430       0.964910       0.052910   427332.43750 121 Al
      0.875430       0.785090       0.697090   424495.68750 133 Al
      0.874570       0.464910       0.197090   421668.68750 271 Al
      0.875430       0.464910       0.552910   418853.18750 265 Al
      0.875430       0.285090       0.197090   416050.84375 277 Al
      0.802910       0.124570       0.714910   413263.03125 301 Al
==============================================
MonteCarlo: Metropolis with identity changes
Si > Al, Al > Si. STOP when occurrence <    0.00000
==============================================
Cost_function     Occurrence %     Scan-Cost
    46511.6758        0.000115  46511.351562
    32831.7773        0.000066  32831.410156
    19151.8965        0.000042  19151.257812
    13679.9297        0.000045  13679.196289
     5472.0239        0.000021   5471.697754
     5472.0234        0.000018   5471.044434
     5472.0210        0.000024   5471.178223
     5472.0210        0.000003   5471.914551
        0.1651        0.000024     -0.099520
        0.1651        0.000006     -0.817161
        0.1651        0.000006     -0.834507
        0.1651        0.000000     -0.544093
        0.1652        0.000003     -0.063586
        0.1651        0.000015     -0.832469
        0.1651        0.000003      0.110016
        0.1651        0.000003     -0.828306
        0.1651        0.000003     -0.018430
        0.1651        0.000000     -0.816988
        0.1651        0.000000     -0.637302
        0.1651        0.000000      0.120747
        0.1651        0.000009     -0.825783
        0.1651        0.000003     -0.551766
        0.1651        0.000000     -0.505398
        0.1651        0.000000     -0.448823
        0.1651        0.000006      0.032729
        0.1652        0.000006     -0.223319
        0.1651        0.000006     -0.622784
        0.1651        0.000012     -0.779866
        0.1651        0.000006     -0.046100
        0.1651        0.000003     -0.337895
        0.1651        0.000000      0.066910
        0.1651        0.000006     -0.708184
        0.1651        0.000003     -0.062613
        0.1651        0.000003      0.151812
        0.1651        0.000003     -0.294217
        0.1651        0.000000     -0.783358
        0.1651        0.000000     -0.361431
        0.1651        0.000006      0.105087
        0.1652        0.000006     -0.413022
        0.1651        0.000006     -0.537459
        0.1651        0.000012     -0.539466
        0.1651        0.000009     -0.789399
        0.1651        0.000000     -0.366437
        0.1651        0.000003     -0.473363
        0.1651        0.000003      0.092413
        0.1651        0.000003     -0.150369
        0.1651        0.000003     -0.605520
        0.1651        0.000003      0.005100
        0.1651        0.000000     -0.114549
        0.1651        0.000000     -0.369874
        0.1651        0.000006     -0.081323
==============================================
geometrical properties of  86 Al:
 distancia media y dispersion
   12.1330862       3.50570440    
 distancia minima media y dispersion
   4.40260649       1.32467384E-02
 STOP   12.1330862       4.40260649      0.165113226    
