Random Seed:  1111239003
Number of atoms:   576
Space Group:    1
Cell:
    25.0279999    25.0279999    25.0279999    90.0000000    90.0000000    90.0000000
Box:
    25.0279999     0.0000000     0.0000000
     0.0000000    25.0279999     0.0000000
     0.0000000     0.0000000    25.0279999
----------------------------------------
Inverse Box:
     0.0399553     0.0000000     0.0000000
     0.0000000     0.0399553     0.0000000
     0.0000000     0.0000000     0.0399553
----------------------------------------
[loops] Connectivity between nodes [Degree]:
442222442222442222442222442222442222442222442222442222442222442222442222442222442222442222442222442222442222442222442222442222442222442222442222442222442222442222442222442222442222442222442222442222442222442222442222442222442222442222442222442222442222442222442222442222442222442222442222442222442222442222442222442222442222442222442222442222442222442222442222442222442222442222442222442222442222442222442222442222442222442222442222442222442222442222442222442222442222442222442222442222442222442222442222442222442222442222442222442222442222442222442222442222442222442222442222
Repulsive substitution with cost-function:
cost = 1/(s - p0),  p0 = 3.40 10^-10 m, if s >= p0
cost =   10000000.000 if s <  p0
     Crystalographic positions                  Cost     Label
      0.552910       0.374570       0.785090        0.00000
      0.285090       0.052910       0.374570            NaN 403 Al
      0.873090       0.553520       0.286710        0.18563 260 Al
      0.053520       0.963290       0.876910        0.18242  74 Al
      0.125430       0.535090       0.802910        0.18565 199 Al
      0.626910       0.946480       0.713290        0.21065 332 Al
      0.447090       0.625430       0.214910        0.20906 451 Al
      0.785090       0.197090       0.375430        0.22133 253 Al
      0.302910       0.125430       0.035090        0.21932   7 Al
      0.125430       0.714910       0.447090        0.24822 211 Al
      0.713290       0.626910       0.946480        0.24737 500 Al
      0.946480       0.213290       0.126910        0.24705  20 Al
      0.552910       0.874570       0.285090        0.25223 379 Al
      0.963290       0.376910       0.553520        0.25090 266 Al
      0.446480       0.213290       0.626910        0.24934 308 Al
      0.875430       0.785090       0.697090        0.25024 133 Al
      0.376910       0.553520       0.963290        0.24840 530 Al
      0.374570       0.785090       0.552910        0.26865 427 Al
      0.786710       0.873090       0.053520        0.26612 140 Al
      0.802910       0.124570       0.714910        0.26325 301 Al
      0.626910       0.446480       0.213290        0.26159 476 Al
      0.126910       0.946480       0.213290        0.26365  44 Al
      0.196480       0.286710       0.876910        0.26334 512 Al
      0.052910       0.374570       0.285090        0.27904 235 Al
      0.303520       0.536710       0.626910        0.28211 158 Al
      0.624570       0.035090       0.447090        0.28170 337 Al
      0.123090       0.803520       0.713290        0.28018 176 Al
      0.697090       0.374570       0.464910        0.27904 223 Al
      0.463290       0.376910       0.053520        0.27801 554 Al
      0.964910       0.697090       0.874570        0.30676 103 Al
      0.536710       0.126910       0.803520        0.30595 350 Al
      0.374570       0.964910       0.197090        0.30579 415 Al
      0.947090       0.624570       0.535090        0.30547 145 Al
      0.876910       0.053520       0.963290        0.30358  98 Al
      0.214910       0.302910       0.124570        0.30237  37 Al
      0.036710       0.126910       0.303520   277778.06250  62 Al
      0.624570       0.714910       0.302910   270270.56250 493 Al
      0.375430       0.964910       0.552910   263158.18750 409 Al
      0.626910       0.803520       0.036710   256410.53125 470 Al
      0.123090       0.446480       0.536710   250000.28125 170 Al
      0.803520       0.536710       0.126910   243902.71875 446 Al
      0.714910       0.302910       0.624570   238095.51562 325 Al
      0.285090       0.697090       0.375430   232558.42188 397 Al
      0.286710       0.376910       0.696480   227273.00000 560 Al
      0.963290       0.876910       0.053520   222222.48438 122 Al
      0.874570       0.964910       0.697090   217391.56250 127 Al
      0.536710       0.623090       0.946480   212766.21875 482 Al
      0.197090       0.874570       0.464910   208333.60938 367 Al
      0.696480       0.963290       0.873090   204081.90625  86 Al
      0.786710       0.376910       0.196480   200000.26562 272 Al
      0.373090       0.553520       0.786710   196078.70312 548 Al
      0.036710       0.123090       0.946480   192307.95312  50 Al
      0.552910       0.875430       0.464910   188679.51562 361 Al
      0.375430       0.785090       0.197090   185185.45312 421 Al
      0.802910       0.125430       0.535090   181818.45312 295 Al
      0.376910       0.196480       0.786710   178571.68750 536 Al
      0.302910       0.124570       0.214910   175438.84375  13 Al
      0.947090       0.625430       0.714910   172414.04688 163 Al
      0.623090       0.446480       0.036710   169491.78125 458 Al
      0.803520       0.713290       0.123090   166666.92188 440 Al
      0.464910       0.052910       0.375430   163934.67188 385 Al
      0.123090       0.946480       0.036710   161290.57812  26 Al
      0.625430       0.214910       0.447090   158730.40625 355 Al
      0.464910       0.697090       0.374570   156250.25000 391 Al
      0.696480       0.786710       0.876910   153846.40625  80 Al
      0.946480       0.036710       0.123090   151515.40625   2 Al
      0.785090       0.552910       0.374570   149253.96875 259 Al
      0.213290       0.623090       0.803520   151581.85938 200 Al
      0.553520       0.286710       0.873090   153707.32812 524 Al
      0.714910       0.947090       0.625430   155645.03125 331 Al
      0.126910       0.446480       0.713290   157408.39062 188 Al
      0.964910       0.552910       0.375430   159009.78125 241 Al
      0.373090       0.196480       0.963290   160460.64062 542 Al
      0.875430       0.464910       0.552910   161771.46875 265 Al
      0.463290       0.373090       0.696480   162952.07812 566 Al
      0.035090       0.302910       0.125430   164011.48438  31 Al
      0.053520       0.286710       0.373090   164957.95312 236 Al
      0.447090       0.124570       0.535090   165799.20312 289 Al
      0.876910       0.196480       0.286710   166542.40625 248 Al
      0.446480       0.536710       0.123090   167194.18750 434 Al
      0.197090       0.875430       0.285090   167760.68750 373 Al
      0.302910       0.625430       0.535090   168247.62500 151 Al
      0.213290       0.126910       0.946480   168660.28125  68 Al
      0.035090       0.802910       0.625430   169003.62500 175 Al
      0.196480       0.463290       0.873090   169282.26562 518 Al
      0.874570       0.285090       0.552910   169500.46875 283 Al
==============================================
MonteCarlo: Metropolis with identity changes
Si > Al, Al > Si. STOP when occurrence <    0.00000
==============================================
Cost_function     Occurrence %     Scan-Cost
    43775.6602        0.000063  43774.894531
    38303.7031        0.000066  38303.488281
    30095.7754        0.000054  30095.408203
    24623.8184        0.000033  24623.058594
    24623.8184        0.000006  24622.855469
    24623.8164        0.000021  24623.298828
    24623.8164        0.000018  24623.408203
    21887.8379        0.000021  21887.386719
    21887.8379        0.000021  21887.759766
    19151.8652        0.000015  19151.166016
    19151.8613        0.000018  19151.109375
    16415.8945        0.000015  16415.326172
    16415.8945        0.000006  16415.312500
    16415.8945        0.000012  16415.291016
    16415.8945        0.000009  16415.089844
    16415.8945        0.000009  16415.361328
    16415.8945        0.000009  16415.455078
    16415.8945        0.000006  16415.259766
    16415.8945        0.000003  16415.335938
    16415.8945        0.000009  16415.380859
    16415.8945        0.000006  16415.730469
    16415.8945        0.000009  16415.166016
    16415.8945        0.000015  16415.351562
    16415.8945        0.000000  16415.539062
    16415.8945        0.000000  16415.794922
    16415.8945        0.000006  16415.847656
    16415.8945        0.000009  16415.363281
    16415.8945        0.000003  16415.792969
    16415.8945        0.000000  16415.226562
    16415.8945        0.000009  16415.015625
    16415.8945        0.000006  16415.187500
    16415.8945        0.000006  16415.330078
    16415.8945        0.000009  16414.966797
    16415.8945        0.000006  16415.806641
    16415.8945        0.000003  16415.509766
    16415.8945        0.000003  16415.748047
    16415.8945        0.000003  16415.156250
    16415.8945        0.000000  16415.652344
    16415.8945        0.000003  16414.894531
    16415.8945        0.000006  16415.291016
    16415.8945        0.000003  16415.886719
    16415.8945        0.000006  16415.181641
    13679.9346        0.000006  13679.384766
    13679.9346        0.000003  13679.511719
    13679.9346        0.000009  13679.839844
    13679.9297        0.000006  13679.556641
    13679.9297        0.000006  13679.187500
    13679.9297        0.000000  13679.550781
    13679.9297        0.000000  13679.716797
    13679.9297        0.000003  13679.775391
    13679.9297        0.000000  13679.333984
==============================================
geometrical properties of  86 Al:
 distancia media y dispersion
   12.1358299       3.48955178    
 distancia minima media y dispersion
   4.24602938      0.393126756    
 STOP   12.1358299       4.24602938       13679.9297    
