Random Seed:  1312029325
Number of atoms:   576
Space Group:    1
Cell:
    25.0279999    25.0279999    25.0279999    90.0000000    90.0000000    90.0000000
Box:
    25.0279999     0.0000000     0.0000000
     0.0000000    25.0279999     0.0000000
     0.0000000     0.0000000    25.0279999
----------------------------------------
Inverse Box:
     0.0399553     0.0000000     0.0000000
     0.0000000     0.0399553     0.0000000
     0.0000000     0.0000000     0.0399553
----------------------------------------
[loops] Connectivity between nodes [Degree]:
442222442222442222442222442222442222442222442222442222442222442222442222442222442222442222442222442222442222442222442222442222442222442222442222442222442222442222442222442222442222442222442222442222442222442222442222442222442222442222442222442222442222442222442222442222442222442222442222442222442222442222442222442222442222442222442222442222442222442222442222442222442222442222442222442222442222442222442222442222442222442222442222442222442222442222442222442222442222442222442222442222442222442222442222442222442222442222442222442222442222442222442222442222442222442222442222
Repulsive substitution with cost-function:
cost = 1/(s - p0),  p0 = 3.40 10^-10 m, if s >= p0
cost =   10000000.000 if s <  p0
     Crystalographic positions                  Cost     Label
      0.714910       0.802910       0.124570        0.00000
      0.873090       0.196480       0.463290            NaN 254 Al
      0.303520       0.713290       0.623090        0.15440 152 Al
      0.374570       0.285090       0.052910        0.14995 571 Al
      0.446480       0.213290       0.626910  2000000.12500 308 Al
      0.876910       0.696480       0.786710  1666666.75000 104 Al
      0.214910       0.947090       0.125430  1428571.50000  43 Al
      0.874570       0.464910       0.197090  1250000.12500 271 Al
      0.376910       0.696480       0.286710  1111111.25000 392 Al
      0.873090       0.053520       0.786710  1000000.12500 116 Al
      0.126910       0.446480       0.713290   909091.06250 188 Al
      0.623090       0.946480       0.536710   833333.43750 314 Al
      0.553520       0.463290       0.876910   769230.87500 506 Al
      0.124570       0.214910       0.302910   714285.81250  61 Al
      0.876910       0.553520       0.463290   666666.81250 242 Al
      0.947090       0.124570       0.035090   625000.12500   1 Al
      0.197090       0.874570       0.464910   588235.43750 367 Al
      0.626910       0.446480       0.213290   555555.68750 476 Al
      0.625430       0.035090       0.802910   526315.93750 343 Al
      0.285090       0.552910       0.874570   500000.12500 547 Al
      0.464910       0.052910       0.375430   476190.62500 385 Al
      0.052910       0.875430       0.964910   454545.59375  73 Al
      0.124570       0.535090       0.447090   434782.71875 193 Al
      0.714910       0.302910       0.624570   416666.78125 325 Al
      0.625430       0.714910       0.947090   400000.12500 499 Al
      0.285090       0.197090       0.875430   384615.50000 541 Al
      0.624570       0.714910       0.302910   370370.50000 493 Al
      0.035090       0.802910       0.625430   357142.96875 175 Al
      0.126910       0.303520       0.036710   344827.71875  38 Al
      0.696480       0.286710       0.376910   333333.50000 224 Al
      0.463290       0.873090       0.196480   322580.81250 422 Al
      0.374570       0.464910       0.697090   312500.15625 559 Al
      0.446480       0.536710       0.123090   303030.46875 434 Al
      0.375430       0.964910       0.552910   294117.81250 409 Al
      0.802910       0.625430       0.035090   285714.43750 439 Al
      0.963290       0.376910       0.553520   277777.93750 266 Al
      0.786710       0.876910       0.696480   270270.43750 128 Al
      0.302910       0.124570       0.214910   263158.06250  13 Al
      0.124570       0.714910       0.802910   256410.46875 205 Al
      0.947090       0.125430       0.214910   250000.21875  19 Al
      0.624570       0.214910       0.802910   243902.65625 349 Al
      0.875430       0.964910       0.052910   238095.45312 121 Al
      0.052910       0.374570       0.285090   232558.35938 235 Al
      0.124570       0.035090       0.947090   227272.92188  49 Al
      0.373090       0.696480       0.463290   222222.39062 398 Al
      0.125430       0.035090       0.302910   217391.46875  55 Al
      0.623090       0.446480       0.036710   212766.12500 458 Al
      0.125430       0.714910       0.447090   208333.50000 211 Al
      0.464910       0.197090       0.874570   204081.81250 535 Al
      0.696480       0.463290       0.373090   200000.17188 230 Al
      0.713290       0.126910       0.446480   196078.60938 356 Al
      0.697090       0.874570       0.964910   192307.85938  79 Al
      0.946480       0.536710       0.623090   188679.42188 146 Al
      0.802910       0.624570       0.214910   185185.35938 445 Al
      0.803520       0.036710       0.626910   181818.35938 302 Al
      0.875430       0.285090       0.197090   178571.59375 277 Al
      0.446480       0.713290       0.126910   175438.76562 452 Al
      0.052910       0.874570       0.785090   172413.96875  91 Al
      0.197090       0.875430       0.285090   169491.70312 373 Al
      0.302910       0.125430       0.035090   166666.84375   7 Al
      0.874570       0.785090       0.052910   163934.59375 139 Al
      0.285090       0.052910       0.374570   161290.50000 403 Al
      0.035090       0.947090       0.124570   158730.32812  25 Al
      0.447090       0.125430       0.714910   156250.17188 307 Al
      0.535090       0.302910       0.625430   158806.60938 319 Al
      0.552910       0.875430       0.464910   161130.67188 361 Al
      0.197090       0.375430       0.785090   163239.89062 517 Al
      0.286710       0.373090       0.053520   165150.29688 572 Al
      0.964910       0.697090       0.874570   311804.28125 103 Al
      0.785090       0.052910       0.874570   311289.87500 115 Al
      0.302910       0.624570       0.714910   310675.81250 157 Al
      0.214910       0.802910       0.624570   309971.09375 181 Al
      0.964910       0.197090       0.374570   309183.96875 247 Al
      0.464910       0.552910       0.875430   308322.15625 529 Al
      0.964910       0.052910       0.875430   307392.43750  97 Al
      0.214910       0.447090       0.625430   306401.25000 187 Al
      0.535090       0.947090       0.624570   305354.43750 313 Al
      0.785090       0.697090       0.875430   304257.28125 109 Al
      0.964910       0.552910       0.375430   303114.75000 241 Al
      0.786710       0.373090       0.553520   301931.34375 284 Al
      0.125430       0.535090       0.802910   300711.18750 199 Al
      0.035090       0.302910       0.125430   299458.12500  31 Al
      0.447090       0.124570       0.535090   298175.65625 289 Al
      0.463290       0.376910       0.053520   296867.00000 554 Al
      0.552910       0.874570       0.285090   295535.21875 379 Al
      0.552910       0.374570       0.785090   294182.87500 523 Al
==============================================
MonteCarlo: Metropolis with identity changes
Si > Al, Al > Si. STOP when occurrence <    0.00000
==============================================
Cost_function     Occurrence %     Scan-Cost
    46511.6758        0.000084  46510.863281
    35567.7617        0.000036  35567.589844
    27359.8301        0.000042  27359.205078
    13679.9873        0.000036  13679.477539
     8207.9932        0.000021   8207.454102
     2736.0869        0.000012   2735.777832
     2736.0771        0.000003   2735.409424
     2736.0747        0.000006   2735.146973
     2736.0747        0.000000   2736.054688
     2736.0747        0.000000   2735.732422
     2736.0747        0.000000   2735.584717
     2736.0747        0.000000   2735.690186
     2736.0637        0.000006   2735.828125
     2736.0613        0.000006   2735.776611
     2736.0613        0.000000   2735.381348
     2736.0613        0.000003   2735.231201
     2736.0613        0.000006   2736.041260
        0.1650        0.000003     -0.493688
        0.1650        0.000012     -0.221144
        0.1650        0.000009     -0.151779
        0.1651        0.000003     -0.251818
        0.1650        0.000006     -0.470515
        0.1650        0.000000     -0.709202
        0.1650        0.000000      0.079386
        0.1650        0.000006      0.134123
        0.1650        0.000000     -0.439702
        0.1650        0.000003     -0.324946
        0.1650        0.000000     -0.151799
        0.1650        0.000003     -0.029744
        0.1650        0.000000     -0.470515
        0.1650        0.000000     -0.709202
        0.1650        0.000000      0.079386
        0.1650        0.000006      0.134123
        0.1650        0.000000     -0.439702
        0.1650        0.000003     -0.324946
        0.1650        0.000000     -0.151799
        0.1650        0.000003     -0.029744
        0.1650        0.000000     -0.470515
        0.1650        0.000000     -0.709202
        0.1650        0.000000      0.079386
        0.1650        0.000006      0.134123
        0.1650        0.000000     -0.439702
        0.1650        0.000003     -0.324946
        0.1650        0.000000     -0.151799
        0.1650        0.000003     -0.029744
        0.1650        0.000000     -0.470515
        0.1650        0.000000     -0.709202
        0.1650        0.000000      0.079386
        0.1650        0.000006      0.134123
        0.1650        0.000000     -0.439702
        0.1650        0.000003     -0.324946
==============================================
geometrical properties of  86 Al:
 distancia media y dispersion
   12.1362925       3.50252104    
 distancia minima media y dispersion
   4.40302134       1.33899506E-02
 STOP   12.1362925       4.40302134      0.165019631    
