Random Seed:  1411458973
Number of atoms:   576
Space Group:    1
Cell:
    25.0279999    25.0279999    25.0279999    90.0000000    90.0000000    90.0000000
Box:
    25.0279999     0.0000000     0.0000000
     0.0000000    25.0279999     0.0000000
     0.0000000     0.0000000    25.0279999
----------------------------------------
Inverse Box:
     0.0399553     0.0000000     0.0000000
     0.0000000     0.0399553     0.0000000
     0.0000000     0.0000000     0.0399553
----------------------------------------
[loops] Connectivity between nodes [Degree]:
442222442222442222442222442222442222442222442222442222442222442222442222442222442222442222442222442222442222442222442222442222442222442222442222442222442222442222442222442222442222442222442222442222442222442222442222442222442222442222442222442222442222442222442222442222442222442222442222442222442222442222442222442222442222442222442222442222442222442222442222442222442222442222442222442222442222442222442222442222442222442222442222442222442222442222442222442222442222442222442222442222442222442222442222442222442222442222442222442222442222442222442222442222442222442222442222
Repulsive substitution with cost-function:
cost = 1/(s - p0),  p0 = 3.40 10^-10 m, if s >= p0
cost =   10000000.000 if s <  p0
     Crystalographic positions                  Cost     Label
      0.036710       0.126910       0.303520        0.00000
      0.623090       0.803520       0.213290            NaN 464 Al
      0.125430       0.535090       0.802910        0.17656 199 Al
      0.623090       0.303520       0.713290        0.18911 320 Al
      0.124570       0.035090       0.947090        0.19094  49 Al
      0.125430       0.714910       0.447090        0.20961 211 Al
      0.626910       0.446480       0.213290        0.21140 476 Al
      0.626910       0.946480       0.713290        0.21892 332 Al
      0.464910       0.052910       0.375430        0.21438 385 Al
      0.464910       0.552910       0.875430        0.22045 529 Al
      0.963290       0.376910       0.553520        0.23452 266 Al
      0.873090       0.696480       0.963290        0.23407 110 Al
      0.214910       0.302910       0.124570        0.23458  37 Al
      0.963290       0.873090       0.696480   714285.93750 134 Al
      0.376910       0.696480       0.286710   666666.93750 392 Al
      0.376910       0.196480       0.786710   625000.25000 536 Al
      0.873090       0.553520       0.286710   588235.50000 260 Al
      0.876910       0.053520       0.963290   555555.75000  98 Al
      0.713290       0.126910       0.446480   526316.00000 356 Al
      0.374570       0.785090       0.552910   500000.21875 427 Al
      0.303520       0.036710       0.126910   476190.65625  14 Al
      0.303520       0.536710       0.626910   454545.65625 158 Al
      0.875430       0.285090       0.197090   434782.78125 277 Al
      0.625430       0.714910       0.947090   416666.84375 499 Al
      0.802910       0.124570       0.714910   400000.18750 301 Al
      0.463290       0.376910       0.053520   384615.56250 554 Al
      0.196480       0.963290       0.373090   370370.59375 374 Al
      0.947090       0.625430       0.714910   357143.06250 163 Al
      0.697090       0.374570       0.464910   344827.81250 223 Al
      0.196480       0.286710       0.876910   333333.56250 512 Al
      0.963290       0.876910       0.053520   322580.90625 122 Al
      0.446480       0.036710       0.623090   312500.21875 290 Al
      0.053520       0.463290       0.376910   303030.53125 218 Al
      0.552910       0.875430       0.464910   294117.84375 361 Al
      0.053520       0.786710       0.873090   285714.46875  92 Al
      0.446480       0.713290       0.126910   277777.96875 452 Al
      0.463290       0.373090       0.696480   270270.46875 566 Al
      0.697090       0.874570       0.964910   263158.12500  79 Al
      0.947090       0.624570       0.535090   256410.48438 145 Al
      0.803520       0.536710       0.126910   250000.23438 446 Al
      0.873090       0.196480       0.463290   243902.65625 254 Al
      0.214910       0.802910       0.624570   238095.43750 181 Al
      0.373090       0.196480       0.963290   232558.34375 542 Al
      0.126910       0.946480       0.213290   227272.95312  44 Al
      0.536710       0.626910       0.303520   222222.43750 494 Al
      0.035090       0.302910       0.125430   217391.51562  31 Al
      0.285090       0.552910       0.874570   212766.17188 547 Al
      0.536710       0.126910       0.803520   208333.56250 350 Al
      0.786710       0.876910       0.696480   204081.85938 128 Al
      0.624570       0.535090       0.947090   200000.23438 481 Al
      0.123090       0.446480       0.536710   196078.67188 170 Al
      0.213290       0.123090       0.303520   192307.92188  56 Al
      0.463290       0.873090       0.196480   188679.48438 422 Al
      0.946480       0.036710       0.123090   185185.42188   2 Al
      0.713290       0.623090       0.303520   181818.42188 488 Al
      0.286710       0.376910       0.696480   178571.65625 560 Al
      0.446480       0.536710       0.123090   175438.82812 434 Al
      0.053520       0.286710       0.373090   172414.03125 236 Al
      0.553520       0.286710       0.873090   169491.76562 524 Al
      0.803520       0.713290       0.123090   166666.90625 440 Al
      0.446480       0.213290       0.626910   163934.65625 308 Al
      0.286710       0.876910       0.196480   161290.56250 416 Al
      0.213290       0.626910       0.446480   158730.39062 212 Al
      0.053520       0.963290       0.876910   161370.46875  74 Al
      0.714910       0.302910       0.624570   163766.87500 325 Al
      0.036710       0.123090       0.946480   165938.32812  50 Al
      0.785090       0.697090       0.875430   167901.81250 109 Al
      0.126910       0.446480       0.713290   169673.09375 188 Al
      0.697090       0.375430       0.285090   171266.48438 229 Al
      0.875430       0.464910       0.552910   172695.21875 265 Al
      0.536710       0.123090       0.446480   173971.43750 338 Al
      0.286710       0.373090       0.053520   175106.25000 572 Al
      0.303520       0.213290       0.123090   450082.59375   8 Al
      0.196480       0.786710       0.376910   582397.56250 368 Al
      0.123090       0.946480       0.036710   577761.31250  26 Al
      0.213290       0.126910       0.946480   573162.68750  68 Al
      0.785090       0.052910       0.874570   568603.43750 115 Al
      0.035090       0.802910       0.625430   564085.12500 175 Al
      0.302910       0.624570       0.714910   559609.25000 157 Al
      0.803520       0.036710       0.626910   555176.93750 302 Al
      0.376910       0.053520       0.463290   550789.25000 386 Al
      0.876910       0.196480       0.286710   546446.93750 248 Al
      0.124570       0.714910       0.802910   542150.62500 205 Al
      0.623090       0.946480       0.536710   537900.81250 314 Al
      0.553520       0.786710       0.373090   533697.87500 380 Al
      0.373090       0.053520       0.286710   529542.06250 404 Al
==============================================
MonteCarlo: Metropolis with identity changes
Si > Al, Al > Si. STOP when occurrence <    0.00000
==============================================
Cost_function     Occurrence %     Scan-Cost
    38303.7031        0.000136  38303.527344
    21887.8652        0.000072  21887.257812
    16415.8926        0.000066  16414.900391
     5472.0054        0.000069   5471.595215
     2736.0225        0.000060   2735.480957
        0.1660        0.000060     -0.097738
        0.1658        0.000015     -0.793399
        0.1658        0.000003     -0.252083
        0.1658        0.000006     -0.134404
        0.1658        0.000003     -0.707626
        0.1658        0.000003     -0.386632
        0.1658        0.000000     -0.032478
        0.1659        0.000006      0.158951
        0.1658        0.000003      0.018143
        0.1658        0.000003     -0.447830
        0.1658        0.000012     -0.128121
        0.1658        0.000000     -0.710977
        0.1658        0.000009      0.021387
        0.1658        0.000006     -0.003304
        0.1658        0.000009     -0.481241
        0.1658        0.000006      0.008612
        0.1658        0.000003     -0.204687
        0.1658        0.000003      0.137331
        0.1658        0.000003     -0.602450
        0.1658        0.000003     -0.568559
        0.1658        0.000015     -0.209817
        0.1658        0.000000     -0.095090
        0.1658        0.000000     -0.014537
        0.1658        0.000003     -0.753946
        0.1658        0.000003     -0.212212
        0.1658        0.000000      0.091396
        0.1658        0.000003     -0.562591
        0.1658        0.000006     -0.599395
        0.1658        0.000003     -0.779570
        0.1658        0.000009     -0.178164
        0.1658        0.000003     -0.725820
        0.1658        0.000000     -0.006148
        0.1658        0.000000     -0.741421
        0.1658        0.000000      0.019392
        0.1658        0.000000     -0.509504
        0.1658        0.000003     -0.444329
        0.1658        0.000006     -0.601188
        0.1658        0.000000     -0.814615
        0.1658        0.000000     -0.823335
        0.1658        0.000006     -0.508739
        0.1658        0.000003      0.119739
        0.1658        0.000003      0.085198
        0.1658        0.000003     -0.093111
        0.1658        0.000003     -0.349113
        0.1658        0.000003     -0.564593
        0.1658        0.000003      0.136330
==============================================
geometrical properties of  86 Al:
 distancia media y dispersion
   12.1546450       3.50849104    
 distancia minima media y dispersion
   4.40377188      0.197999105    
 STOP   12.1546450       4.40377188      0.165786341    
