Random Seed:  1270141838
Number of atoms:   576
Space Group:    1
Cell:
    25.0279999    25.0279999    25.0279999    90.0000000    90.0000000    90.0000000
Box:
    25.0279999     0.0000000     0.0000000
     0.0000000    25.0279999     0.0000000
     0.0000000     0.0000000    25.0279999
----------------------------------------
Inverse Box:
     0.0399553     0.0000000     0.0000000
     0.0000000     0.0399553     0.0000000
     0.0000000     0.0000000     0.0399553
----------------------------------------
[loops] Connectivity between nodes [Degree]:
442222442222442222442222442222442222442222442222442222442222442222442222442222442222442222442222442222442222442222442222442222442222442222442222442222442222442222442222442222442222442222442222442222442222442222442222442222442222442222442222442222442222442222442222442222442222442222442222442222442222442222442222442222442222442222442222442222442222442222442222442222442222442222442222442222442222442222442222442222442222442222442222442222442222442222442222442222442222442222442222442222442222442222442222442222442222442222442222442222442222442222442222442222442222442222442222
Repulsive substitution with cost-function:
cost = 1/(s - p0),  p0 = 3.40 10^-10 m, if s >= p0
cost =   10000000.000 if s <  p0
     Crystalographic positions                  Cost     Label
      0.373090       0.553520       0.786710        0.00000
      0.625430       0.535090       0.302910            NaN 487 Al
      0.125430       0.035090       0.302910        0.20711  55 Al
      0.873090       0.053520       0.786710        0.19242 116 Al
      0.124570       0.535090       0.447090        0.18732 193 Al
      0.624570       0.035090       0.447090        0.20137 337 Al
      0.873090       0.696480       0.963290        0.20047 110 Al
      0.373090       0.196480       0.963290        0.20381 542 Al
      0.875430       0.285090       0.197090        0.24840 277 Al
      0.375430       0.785090       0.197090        0.25267 421 Al
      0.623090       0.303520       0.713290        0.25413 320 Al
      0.123090       0.803520       0.713290        0.25430 176 Al
      0.875430       0.464910       0.552910        0.25157 265 Al
      0.375430       0.964910       0.552910        0.25051 409 Al
      0.626910       0.803520       0.036710        0.24863 470 Al
      0.126910       0.303520       0.036710        0.24789  38 Al
      0.123090       0.946480       0.036710        0.30084  26 Al
      0.623090       0.446480       0.036710        0.29958 458 Al
      0.626910       0.946480       0.713290        0.30144 332 Al
      0.126910       0.446480       0.713290        0.29761 188 Al
      0.873090       0.196480       0.463290        0.29769 254 Al
      0.373090       0.696480       0.463290        0.29487 398 Al
      0.873090       0.553520       0.286710        0.29268 260 Al
      0.373090       0.053520       0.286710        0.29136 404 Al
      0.875430       0.964910       0.052910        0.29150 121 Al
      0.375430       0.464910       0.052910        0.28941 553 Al
      0.375430       0.285090       0.697090   370370.65625 565 Al
      0.875430       0.785090       0.697090   357143.12500 133 Al
      0.053520       0.286710       0.373090   344827.87500 236 Al
      0.553520       0.786710       0.373090   333333.59375 380 Al
      0.696480       0.286710       0.376910   322580.90625 224 Al
      0.196480       0.786710       0.376910   312500.25000 368 Al
      0.036710       0.626910       0.803520   303030.56250 206 Al
      0.536710       0.126910       0.803520   294117.90625 350 Al
      0.036710       0.123090       0.946480   285714.53125  50 Al
      0.536710       0.623090       0.946480   277778.03125 482 Al
      0.303520       0.213290       0.123090   270270.53125   8 Al
      0.803520       0.713290       0.123090   263158.18750 440 Al
      0.447090       0.124570       0.535090   256410.53125 289 Al
      0.947090       0.624570       0.535090   250000.28125 145 Al
      0.803520       0.213290       0.623090   243902.71875 296 Al
      0.303520       0.713290       0.623090   238095.50000 152 Al
      0.447090       0.625430       0.214910   232558.40625 451 Al
      0.947090       0.125430       0.214910   227272.98438  19 Al
      0.696480       0.963290       0.873090   222222.46875  86 Al
      0.196480       0.463290       0.873090   217391.54688 518 Al
      0.053520       0.963290       0.876910   212766.21875  74 Al
      0.553520       0.463290       0.876910   208333.59375 506 Al
      0.123090       0.303520       0.213290   204081.89062  32 Al
      0.623090       0.803520       0.213290   200000.26562 464 Al
      0.126910       0.803520       0.536710   196078.70312 182 Al
      0.626910       0.303520       0.536710   192307.95312 326 Al
      0.303520       0.036710       0.126910   188679.51562  14 Al
      0.803520       0.536710       0.126910   185185.45312 446 Al
      0.803520       0.036710       0.626910   181818.45312 302 Al
      0.303520       0.536710       0.626910   178571.68750 158 Al
      0.196480       0.286710       0.876910   175438.85938 512 Al
      0.696480       0.786710       0.876910   172414.07812  80 Al
      0.553520       0.286710       0.873090   169491.81250 524 Al
      0.053520       0.786710       0.873090   166666.93750  92 Al
      0.713290       0.626910       0.946480   163934.67188 500 Al
      0.213290       0.126910       0.946480   161290.57812  68 Al
      0.713290       0.123090       0.803520   158730.40625 344 Al
      0.213290       0.623090       0.803520   156250.23438 200 Al
      0.126910       0.946480       0.213290   153846.39062  44 Al
      0.213290       0.123090       0.303520   156322.96875  56 Al
      0.123090       0.446480       0.536710   158577.87500 170 Al
      0.696480       0.463290       0.373090   160627.48438 230 Al
      0.553520       0.963290       0.376910   162486.92188 362 Al
      0.213290       0.626910       0.446480   164170.14062 212 Al
      0.053520       0.463290       0.376910   165689.92188 218 Al
      0.963290       0.376910       0.553520   167058.03125 266 Al
      0.786710       0.376910       0.196480   168285.31250 272 Al
      0.623090       0.946480       0.536710   169381.82812 314 Al
      0.463290       0.873090       0.196480   170356.76562 422 Al
      0.713290       0.126910       0.446480   171218.70312 356 Al
      0.196480       0.963290       0.373090   171975.53125 374 Al
      0.713290       0.623090       0.303520   172634.50000 488 Al
      0.947090       0.124570       0.035090   173202.45312   1 Al
      0.535090       0.447090       0.124570   173685.59375 457 Al
      0.947090       0.625430       0.714910   174089.79688 163 Al
      0.963290       0.876910       0.053520   174420.45312 122 Al
      0.786710       0.876910       0.696480   174682.56250 128 Al
      0.447090       0.125430       0.714910   174880.79688 307 Al
      0.786710       0.873090       0.053520   175019.50000 140 Al
      0.963290       0.373090       0.196480   175102.68750 278 Al
==============================================
MonteCarlo: Metropolis with identity changes
Si > Al, Al > Si. STOP when occurrence <    0.00000
==============================================
Cost_function     Occurrence %     Scan-Cost
    35567.7188        0.000084  35567.574219
    16415.8945        0.000093  16415.455078
    10943.9326        0.000045  10943.164062
    10943.9307        0.000030  10943.272461
     5471.9966        0.000048   5471.314453
     2736.0088        0.000048   2735.908203
     2736.0088        0.000033   2735.480225
        0.1661        0.000042     -0.819066
        0.1661        0.000021     -0.365643
        0.1660        0.000015      0.056770
        0.1660        0.000009     -0.014198
        0.1660        0.000006     -0.011304
        0.1660        0.000009     -0.134950
        0.1660        0.000015     -0.015462
        0.1660        0.000018     -0.728665
        0.1660        0.000000      0.078942
        0.1660        0.000003     -0.463931
        0.1660        0.000000     -0.378783
        0.1660        0.000012     -0.343963
        0.1660        0.000003     -0.047389
        0.1661        0.000012     -0.381782
        0.1660        0.000012     -0.315651
        0.1660        0.000015     -0.030704
        0.1660        0.000012     -0.182224
        0.1661        0.000009     -0.788150
        0.1660        0.000015     -0.235526
        0.1660        0.000009     -0.574529
        0.1660        0.000006     -0.265984
        0.1660        0.000003     -0.134609
        0.1660        0.000003     -0.128669
        0.1660        0.000009     -0.287764
        0.1660        0.000012     -0.520431
        0.1660        0.000012     -0.510369
        0.1660        0.000009     -0.527593
        0.1660        0.000000     -0.673096
        0.1660        0.000000      0.002285
        0.1660        0.000000     -0.442368
        0.1660        0.000003     -0.699556
        0.1660        0.000015     -0.095061
        0.1660        0.000006     -0.743232
        0.1661        0.000021     -0.739378
        0.1660        0.000012     -0.539226
        0.1660        0.000003     -0.382095
        0.1660        0.000009     -0.427063
        0.1660        0.000015     -0.589989
        0.1660        0.000009      0.128602
        0.1660        0.000003     -0.786071
        0.1660        0.000003     -0.540252
        0.1660        0.000006     -0.747159
        0.1660        0.000009     -0.618454
        0.1660        0.000006     -0.304995
==============================================
geometrical properties of  86 Al:
 distancia media y dispersion
   12.1452408       3.50900197    
 distancia minima media y dispersion
   4.40752268      0.163503513    
 STOP   12.1452408       4.40752268      0.166012034    
