Random Seed:  1050994619
Number of atoms:   576
Space Group:    1
Cell:
    25.0279999    25.0279999    25.0279999    90.0000000    90.0000000    90.0000000
Box:
    25.0279999     0.0000000     0.0000000
     0.0000000    25.0279999     0.0000000
     0.0000000     0.0000000    25.0279999
----------------------------------------
Inverse Box:
     0.0399553     0.0000000     0.0000000
     0.0000000     0.0399553     0.0000000
     0.0000000     0.0000000     0.0399553
----------------------------------------
[loops] Connectivity between nodes [Degree]:
442222442222442222442222442222442222442222442222442222442222442222442222442222442222442222442222442222442222442222442222442222442222442222442222442222442222442222442222442222442222442222442222442222442222442222442222442222442222442222442222442222442222442222442222442222442222442222442222442222442222442222442222442222442222442222442222442222442222442222442222442222442222442222442222442222442222442222442222442222442222442222442222442222442222442222442222442222442222442222442222442222442222442222442222442222442222442222442222442222442222442222442222442222442222442222442222
Repulsive substitution with cost-function:
cost = 1/(s - p0),  p0 = 3.40 10^-10 m, if s >= p0
cost =   10000000.000 if s <  p0
     Crystalographic positions                  Cost     Label
      0.875430       0.285090       0.197090        0.00000
      0.873090       0.053520       0.786710            NaN 116 Al
      0.376910       0.696480       0.286710        0.19183 392 Al
      0.373090       0.553520       0.786710        0.17698 548 Al
      0.376910       0.053520       0.463290        0.19708 386 Al
      0.876910       0.553520       0.463290        0.20278 242 Al
      0.373090       0.196480       0.963290        0.20227 542 Al
      0.873090       0.696480       0.963290        0.25221 110 Al
      0.713290       0.126910       0.446480        0.24669 356 Al
      0.126910       0.946480       0.213290        0.24633  44 Al
      0.123090       0.803520       0.713290        0.24880 176 Al
      0.624570       0.535090       0.947090        0.24803 481 Al
      0.123090       0.446480       0.536710        0.25204 170 Al
      0.623090       0.803520       0.213290        0.25194 464 Al
      0.623090       0.303520       0.713290        0.25078 320 Al
      0.126910       0.303520       0.036710        0.25091  38 Al
      0.626910       0.946480       0.713290        0.30385 332 Al
      0.626910       0.446480       0.213290        0.29886 476 Al
      0.124570       0.035090       0.947090        0.29928  49 Al
      0.125430       0.714910       0.447090        0.29976 211 Al
      0.124570       0.214910       0.302910        0.29703  61 Al
      0.125430       0.535090       0.802910        0.29927 199 Al
      0.697090       0.874570       0.964910        0.30128  79 Al
      0.552910       0.875430       0.464910        0.29827 361 Al
      0.375430       0.285090       0.697090        0.29516 565 Al
      0.874570       0.285090       0.552910        0.29585 283 Al
      0.375430       0.464910       0.052910        0.29323 553 Al
      0.374570       0.964910       0.197090   357143.12500 415 Al
      0.875430       0.785090       0.697090   344827.87500 133 Al
      0.802910       0.624570       0.214910   333333.62500 445 Al
      0.374570       0.785090       0.552910   322580.93750 427 Al
      0.875430       0.964910       0.052910   312500.25000 121 Al
      0.697090       0.374570       0.464910   303030.56250 223 Al
      0.536710       0.126910       0.803520   294117.90625 350 Al
      0.052910       0.374570       0.285090   285714.53125 235 Al
      0.447090       0.624570       0.035090   277778.03125 433 Al
      0.197090       0.874570       0.464910   270270.53125 367 Al
      0.197090       0.375430       0.785090   263158.15625 517 Al
      0.052910       0.875430       0.964910   256410.50000  73 Al
      0.302910       0.124570       0.214910   250000.25000  13 Al
      0.947090       0.625430       0.714910   243902.68750 163 Al
      0.552910       0.375430       0.964910   238095.48438 505 Al
      0.947090       0.125430       0.214910   232558.39062  19 Al
      0.302910       0.625430       0.535090   227272.96875 151 Al
      0.803520       0.036710       0.626910   222222.45312 302 Al
      0.536710       0.626910       0.303520   217391.53125 494 Al
      0.446480       0.036710       0.623090   212766.18750 290 Al
      0.874570       0.464910       0.197090   208333.56250 271 Al
      0.625430       0.714910       0.947090   204081.85938 499 Al
      0.536710       0.123090       0.446480   200000.25000 338 Al
      0.947090       0.124570       0.035090   196078.68750   1 Al
      0.713290       0.123090       0.803520   192307.92188 344 Al
      0.964910       0.197090       0.374570   188679.48438 247 Al
      0.375430       0.785090       0.197090   185185.42188 421 Al
      0.302910       0.624570       0.714910   188806.51562 157 Al
      0.302910       0.125430       0.035090   192039.59375   7 Al
      0.947090       0.624570       0.535090   194919.21875 145 Al
      0.535090       0.302910       0.625430   197476.54688 319 Al
      0.285090       0.052910       0.374570   199739.65625 403 Al
      0.374570       0.464910       0.697090   201733.98438 559 Al
      0.214910       0.302910       0.124570   203482.53125  37 Al
      0.964910       0.552910       0.375430   366296.62500 241 Al
      0.214910       0.947090       0.125430   365054.25000  43 Al
      0.052910       0.874570       0.785090   363703.34375  91 Al
      0.964910       0.052910       0.875430   362255.87500  97 Al
      0.964910       0.697090       0.874570   360722.68750 103 Al
      0.125430       0.035090       0.302910   359113.59375  55 Al
      0.874570       0.785090       0.052910   357437.50000 139 Al
      0.035090       0.447090       0.624570   355702.37500 169 Al
      0.785090       0.197090       0.375430   353915.56250 253 Al
      0.285090       0.697090       0.375430   352083.62500 397 Al
      0.464910       0.552910       0.875430   350212.46875 529 Al
      0.125430       0.214910       0.947090   348307.56250  67 Al
      0.785090       0.552910       0.374570   346373.87500 259 Al
      0.035090       0.947090       0.124570   344415.71875  25 Al
      0.697090       0.875430       0.785090   342437.25000  85 Al
      0.035090       0.802910       0.625430   340442.09375 175 Al
      0.697090       0.375430       0.285090   338433.56250 229 Al
      0.623090       0.946480       0.536710   336414.71875 314 Al
      0.552910       0.874570       0.285090   334388.25000 379 Al
      0.785090       0.697090       0.875430   332356.68750 109 Al
      0.214910       0.802910       0.624570   330322.25000 181 Al
      0.052910       0.375430       0.464910   328287.03125 217 Al
      0.714910       0.302910       0.624570   326252.81250 325 Al
      0.802910       0.625430       0.035090   324221.34375 439 Al
      0.535090       0.447090       0.124570   322194.06250 457 Al
==============================================
MonteCarlo: Metropolis with identity changes
Si > Al, Al > Si. STOP when occurrence <    0.00000
==============================================
Cost_function     Occurrence %     Scan-Cost
    30095.7793        0.000169  30094.859375
    13679.9404        0.000048  13679.066406
    10943.9580        0.000021  10943.406250
     8207.9990        0.000015   8207.278320
     8207.9463        0.000024   8207.034180
     5472.0791        0.000021   5471.835938
     5472.0791        0.000015   5471.969727
     5472.0195        0.000027   5471.498047
     2736.1045        0.000012   2735.398193
     2736.0474        0.000027   2735.106689
     2736.0449        0.000009   2735.798340
        0.1652        0.000009     -0.206509
        0.1652        0.000009     -0.081990
        0.1652        0.000003      0.030405
        0.1652        0.000012      0.046389
        0.1652        0.000000     -0.325406
        0.1652        0.000000     -0.048143
        0.1652        0.000003     -0.616685
        0.1652        0.000000     -0.473033
        0.1652        0.000003     -0.221312
        0.1652        0.000000      0.059316
        0.1652        0.000000     -0.056288
        0.1652        0.000000     -0.338007
        0.1652        0.000000     -0.805111
        0.1652        0.000003      0.094433
        0.1652        0.000000     -0.622395
        0.1652        0.000003     -0.045091
        0.1652        0.000000     -0.433367
        0.1652        0.000000      0.054272
        0.1652        0.000000     -0.673882
        0.1652        0.000003     -0.739112
        0.1652        0.000000      0.040304
        0.1652        0.000003      0.057925
        0.1652        0.000000     -0.391618
        0.1652        0.000000     -0.522139
        0.1652        0.000000     -0.614375
        0.1652        0.000000     -0.339126
        0.1652        0.000003     -0.241898
        0.1652        0.000000     -0.635021
        0.1652        0.000003     -0.241541
        0.1652        0.000000     -0.377933
        0.1652        0.000000      0.098582
        0.1652        0.000000     -0.683121
        0.1652        0.000003     -0.802077
        0.1652        0.000000     -0.752973
        0.1652        0.000003     -0.129533
        0.1652        0.000000     -0.025435
        0.1652        0.000000      0.142835
        0.1652        0.000000     -0.551642
        0.1652        0.000000     -0.505155
        0.1652        0.000003     -0.057214
==============================================
geometrical properties of  86 Al:
 distancia media y dispersion
   12.1276941       3.50297213    
 distancia minima media y dispersion
   4.41343594      0.108833060    
 STOP   12.1276941       4.41343594      0.165200710    
