Random Seed:  1117390355
Number of atoms:   576
Space Group:    1
Cell:
    25.0279999    25.0279999    25.0279999    90.0000000    90.0000000    90.0000000
Box:
    25.0279999     0.0000000     0.0000000
     0.0000000    25.0279999     0.0000000
     0.0000000     0.0000000    25.0279999
----------------------------------------
Inverse Box:
     0.0399553     0.0000000     0.0000000
     0.0000000     0.0399553     0.0000000
     0.0000000     0.0000000     0.0399553
----------------------------------------
[loops] Connectivity between nodes [Degree]:
442222442222442222442222442222442222442222442222442222442222442222442222442222442222442222442222442222442222442222442222442222442222442222442222442222442222442222442222442222442222442222442222442222442222442222442222442222442222442222442222442222442222442222442222442222442222442222442222442222442222442222442222442222442222442222442222442222442222442222442222442222442222442222442222442222442222442222442222442222442222442222442222442222442222442222442222442222442222442222442222442222442222442222442222442222442222442222442222442222442222442222442222442222442222442222442222
Repulsive substitution with cost-function:
cost = 1/(s - p0),  p0 = 3.40 10^-10 m, if s >= p0
cost =   10000000.000 if s <  p0
     Crystalographic positions                  Cost     Label
      0.286710       0.876910       0.196480        0.00000
      0.553520       0.963290       0.376910            NaN 362 Al
      0.126910       0.446480       0.713290        0.26675 188 Al
      0.786710       0.376910       0.196480        0.20386 272 Al
      0.874570       0.964910       0.697090        0.19344 127 Al
      0.552910       0.374570       0.785090        0.18753 523 Al
      0.123090       0.303520       0.213290        0.19974  32 Al
      0.786710       0.873090       0.053520        0.23920 140 Al
      0.214910       0.802910       0.624570        0.23369 181 Al
      0.446480       0.536710       0.123090        0.23097 434 Al
      0.786710       0.373090       0.553520        0.25798 284 Al
      0.285090       0.197090       0.875430        0.25346 541 Al
      0.626910       0.946480       0.713290        0.27149 332 Al
      0.036710       0.623090       0.446480        0.26864 194 Al
      0.052910       0.875430       0.964910        0.26710  73 Al
      0.713290       0.623090       0.303520        0.26523 488 Al
      0.285090       0.052910       0.374570        0.26409 403 Al
      0.713290       0.626910       0.946480        0.26458 500 Al
      0.947090       0.125430       0.214910        0.26397  19 Al
      0.285090       0.552910       0.874570        0.26441 547 Al
      0.446480       0.213290       0.626910        0.27472 308 Al
      0.373090       0.696480       0.463290        0.27407 398 Al
      0.947090       0.625430       0.714910        0.27281 163 Al
      0.713290       0.126910       0.446480        0.27189 356 Al
      0.036710       0.123090       0.946480        0.27013  50 Al
      0.535090       0.802910       0.125430        0.27189 463 Al
      0.052910       0.375430       0.464910        0.27144 217 Al
      0.374570       0.285090       0.052910        0.27134 571 Al
      0.713290       0.123090       0.803520   344827.84375 344 Al
      0.303520       0.536710       0.626910   333333.59375 158 Al
      0.375430       0.964910       0.552910   322580.90625 409 Al
      0.623090       0.446480       0.036710   312500.25000 458 Al
      0.196480       0.786710       0.376910   303030.56250 368 Al
      0.197090       0.374570       0.964910   294117.90625 511 Al
      0.124570       0.714910       0.802910   571428.81250 205 Al
      0.696480       0.463290       0.373090   555555.75000 230 Al
      0.303520       0.036710       0.126910   540540.75000  14 Al
      0.696480       0.786710       0.876910   526316.00000  80 Al
      0.873090       0.196480       0.463290   512820.75000 254 Al
      0.035090       0.947090       0.124570   500000.25000  25 Al
      0.553520       0.786710       0.373090   487805.12500 380 Al
      0.536710       0.126910       0.803520   476190.71875 350 Al
      0.873090       0.553520       0.286710   465116.53125 260 Al
      0.464910       0.552910       0.875430   454545.71875 529 Al
      0.035090       0.802910       0.625430   444444.68750 175 Al
      0.876910       0.053520       0.963290   434782.84375  98 Al
      0.626910       0.303520       0.536710   425532.15625 326 Al
      0.873090       0.696480       0.963290   416666.90625 110 Al
      0.125430       0.035090       0.302910   408163.46875  55 Al
      0.376910       0.696480       0.286710   400000.21875 392 Al
      0.963290       0.373090       0.196480   392157.09375 278 Al
      0.286710       0.376910       0.696480   384615.59375 560 Al
      0.623090       0.946480       0.536710   377358.71875 314 Al
      0.876910       0.553520       0.463290   370370.59375 242 Al
      0.803520       0.213290       0.623090   363636.59375 296 Al
      0.803520       0.713290       0.123090   357143.06250 440 Al
      0.536710       0.123090       0.446480   350877.40625 338 Al
      0.875430       0.785090       0.697090   344827.81250 133 Al
      0.213290       0.626910       0.446480   338983.28125 212 Al
      0.626910       0.446480       0.213290   333333.56250 476 Al
      0.052910       0.874570       0.785090   327869.06250  91 Al
      0.696480       0.963290       0.873090   322580.87500  86 Al
      0.536710       0.626910       0.303520   317460.53125 494 Al
      0.696480       0.286710       0.376910   312500.21875 224 Al
      0.803520       0.536710       0.126910   307692.53125 446 Al
      0.035090       0.447090       0.624570   303030.53125 169 Al
      0.803520       0.036710       0.626910   303169.62500 302 Al
      0.124570       0.214910       0.302910   303163.46875  61 Al
      0.623090       0.303520       0.713290   303024.62500 320 Al
      0.213290       0.126910       0.946480   302764.68750  68 Al
      0.125430       0.535090       0.802910   302394.18750 199 Al
      0.447090       0.624570       0.035090   301922.68750 433 Al
      0.553520       0.286710       0.873090   301359.18750 524 Al
      0.946480       0.213290       0.126910   300711.71875  20 Al
      0.214910       0.302910       0.124570   299987.68750  37 Al
      0.873090       0.053520       0.786710   430772.90625 116 Al
      0.303520       0.713290       0.623090   428206.93750 152 Al
      0.373090       0.053520       0.286710   425627.06250 404 Al
      0.446480       0.036710       0.623090   423036.93750 290 Al
      0.463290       0.873090       0.196480   420439.87500 422 Al
      0.376910       0.196480       0.786710   417838.75000 536 Al
      0.375430       0.464910       0.052910   415236.40625 553 Al
      0.053520       0.463290       0.376910   533117.18750 218 Al
      0.876910       0.196480       0.286710   529085.06250 248 Al
      0.463290       0.373090       0.696480   525092.06250 566 Al
      0.197090       0.874570       0.464910   521138.71875 367 Al
==============================================
MonteCarlo: Metropolis with identity changes
Si > Al, Al > Si. STOP when occurrence <    0.00000
==============================================
Cost_function     Occurrence %     Scan-Cost
    46511.6289        0.000072  46511.226562
    41039.6719        0.000081  41039.179688
    35567.7148        0.000042  35567.011719
    27359.7832        0.000024  27359.632812
    21887.8320        0.000015  21887.132812
    13679.9404        0.000030  13679.502930
    13679.9395        0.000009  13679.250000
     8207.9814        0.000024   8207.242188
     8207.9814        0.000003   8207.375977
     8207.9814        0.000000   8207.901367
     8207.9814        0.000006   8207.302734
     8207.9814        0.000000   8207.693359
     8207.9814        0.000000   8207.184570
     8207.9814        0.000000   8207.871094
     8207.9814        0.000000   8207.155273
     8207.9814        0.000000   8207.522461
     8207.9814        0.000000   8207.680664
     8207.9814        0.000000   8207.336914
     8207.9814        0.000000   8207.835938
     8207.9814        0.000000   8207.175781
     8207.9814        0.000000   8207.118164
     8207.9814        0.000000   8207.104492
     8207.9814        0.000000   8207.768555
     8207.9814        0.000000   8207.404297
     8207.9814        0.000000   8207.691406
     8207.9814        0.000000   8207.003906
     8207.9814        0.000000   8207.447266
     8207.9814        0.000000   8207.975586
     8207.9814        0.000000   8207.020508
     8207.9814        0.000000   8207.915039
     8207.9814        0.000000   8207.462891
     8207.9814        0.000000   8207.739258
     8207.9814        0.000000   8207.938477
     8207.9814        0.000000   8207.680664
     8207.9814        0.000000   8207.054688
     8207.9814        0.000000   8207.224609
     8207.9814        0.000000   8207.520508
     8207.9814        0.000000   8207.802734
     8207.9814        0.000000   8207.576172
     8207.9814        0.000000   8207.004883
     8207.9814        0.000000   8207.792969
     8207.9814        0.000000   8207.695312
     8207.9814        0.000000   8207.764648
     8207.9814        0.000000   8207.342773
     8207.9814        0.000000   8207.417969
     8207.9814        0.000000   8207.567383
     8207.9814        0.000000   8207.886719
     8207.9814        0.000000   8207.460938
     8207.9814        0.000000   8207.895508
     8207.9814        0.000000   8207.929688
     8207.9814        0.000000   8207.641602
==============================================
geometrical properties of  86 Al:
 distancia media y dispersion
   12.1256113       3.50272155    
 distancia minima media y dispersion
   4.29768133      0.321148038    
 STOP   12.1256113       4.29768133       8207.98145    
