Random Seed:  1014418379
Number of atoms:   576
Space Group:    1
Cell:
    25.0279999    25.0279999    25.0279999    90.0000000    90.0000000    90.0000000
Box:
    25.0279999     0.0000000     0.0000000
     0.0000000    25.0279999     0.0000000
     0.0000000     0.0000000    25.0279999
----------------------------------------
Inverse Box:
     0.0399553     0.0000000     0.0000000
     0.0000000     0.0399553     0.0000000
     0.0000000     0.0000000     0.0399553
----------------------------------------
[loops] Connectivity between nodes [Degree]:
442222442222442222442222442222442222442222442222442222442222442222442222442222442222442222442222442222442222442222442222442222442222442222442222442222442222442222442222442222442222442222442222442222442222442222442222442222442222442222442222442222442222442222442222442222442222442222442222442222442222442222442222442222442222442222442222442222442222442222442222442222442222442222442222442222442222442222442222442222442222442222442222442222442222442222442222442222442222442222442222442222442222442222442222442222442222442222442222442222442222442222442222442222442222442222442222
Repulsive substitution with cost-function:
cost = 1/(s - p0),  p0 = 3.40 10^-10 m, if s >= p0
cost =   10000000.000 if s <  p0
     Crystalographic positions                  Cost     Label
      0.552910       0.374570       0.785090        0.00000
      0.624570       0.214910       0.802910            NaN 349 Al
      0.197090       0.875430       0.285090        1.09482 373 Al
      0.052910       0.374570       0.285090        0.47212 235 Al
      0.052910       0.874570       0.785090        0.34808  91 Al
      0.624570       0.714910       0.302910        0.28464 493 Al
      0.126910       0.446480       0.713290        0.25563 188 Al
      0.697090       0.375430       0.285090        0.25134 229 Al
      0.697090       0.875430       0.785090        0.24643  85 Al
      0.303520       0.213290       0.123090        0.23716   8 Al
      0.463290       0.876910       0.553520        0.31914 410 Al
      0.946480       0.036710       0.123090        0.30867   2 Al
      0.447090       0.624570       0.035090        0.30364 433 Al
      0.947090       0.624570       0.535090        0.30852 145 Al
      0.802910       0.125430       0.535090        0.30178 295 Al
      0.802910       0.625430       0.035090        0.29528 439 Al
      0.302910       0.625430       0.535090        0.29128 151 Al
      0.125430       0.214910       0.947090        0.28803  67 Al
      0.536710       0.123090       0.446480        0.29866 338 Al
      0.463290       0.873090       0.196480        0.29554 422 Al
      0.786710       0.373090       0.553520        0.29338 284 Al
      0.285090       0.552910       0.874570        0.29040 547 Al
      0.786710       0.873090       0.053520        0.29907 140 Al
      0.376910       0.196480       0.786710        0.29580 536 Al
      0.213290       0.123090       0.303520        0.29810  56 Al
      0.126910       0.803520       0.536710        0.29919 182 Al
      0.623090       0.446480       0.036710        0.29641 458 Al
      0.873090       0.053520       0.786710        0.29800 116 Al
      0.873090       0.553520       0.286710        0.29593 260 Al
      0.876910       0.696480       0.786710        0.29463 104 Al
      0.876910       0.196480       0.286710        0.29280 248 Al
      0.123090       0.946480       0.036710        0.29179  26 Al
      0.376910       0.696480       0.286710        0.29133 392 Al
      0.374570       0.464910       0.697090        0.29153 559 Al
      0.124570       0.535090       0.447090        0.29257 193 Al
      0.625430       0.714910       0.947090        0.29268 499 Al
      0.286710       0.373090       0.053520        0.29239 572 Al
      0.446480       0.036710       0.623090   526316.00000 290 Al
      0.124570       0.714910       0.802910   512820.68750 205 Al
      0.963290       0.376910       0.553520   500000.18750 266 Al
      0.714910       0.947090       0.625430   487805.06250 331 Al
      0.373090       0.053520       0.286710   476190.65625 404 Al
      0.035090       0.302910       0.125430   465116.46875  31 Al
      0.626910       0.303520       0.536710   454545.65625 326 Al
      0.625430       0.535090       0.302910   444444.62500 487 Al
      0.553520       0.963290       0.376910   434782.78125 362 Al
      0.876910       0.053520       0.963290   425532.09375  98 Al
      0.286710       0.873090       0.553520   416666.84375 428 Al
      0.463290       0.376910       0.053520   408163.43750 554 Al
      0.625430       0.035090       0.802910   600000.12500 343 Al
      0.036710       0.126910       0.303520   588235.43750  62 Al
      0.373090       0.196480       0.963290   576923.18750 542 Al
      0.464910       0.552910       0.875430   754717.12500 529 Al
      0.963290       0.876910       0.053520   740740.87500 122 Al
      0.446480       0.213290       0.626910   727272.87500 308 Al
      0.303520       0.036710       0.126910   714285.87500  14 Al
      0.302910       0.624570       0.714910   701754.50000 157 Al
      0.376910       0.053520       0.463290   689655.37500 386 Al
      0.963290       0.873090       0.696480   677966.31250 134 Al
      0.623090       0.803520       0.213290   672511.37500 464 Al
      0.053520       0.286710       0.373090   667037.25000 236 Al
      0.786710       0.376910       0.196480   661554.81250 272 Al
      0.197090       0.375430       0.785090   656073.50000 517 Al
      0.126910       0.946480       0.213290   650601.68750  44 Al
      0.053520       0.963290       0.876910   645146.56250  74 Al
      0.196480       0.786710       0.376910   639714.50000 368 Al
      0.696480       0.286710       0.376910   634311.06250 224 Al
      0.553520       0.786710       0.373090   628940.87500 380 Al
      0.446480       0.536710       0.123090   623608.31250 434 Al
      0.213290       0.126910       0.946480   618316.93750  68 Al
      0.873090       0.696480       0.963290   613069.75000 110 Al
      0.946480       0.536710       0.623090   607869.50000 146 Al
      0.214910       0.447090       0.625430   602718.37500 187 Al
      0.697090       0.874570       0.964910   597618.18750  79 Al
      0.876910       0.553520       0.463290   592570.62500 242 Al
      0.873090       0.196480       0.463290   587577.12500 254 Al
      0.125430       0.535090       0.802910   582638.43750 199 Al
      0.803520       0.213290       0.623090   577755.56250 296 Al
      0.373090       0.696480       0.463290   572929.25000 398 Al
      0.286710       0.876910       0.196480   568159.68750 416 Al
      0.946480       0.713290       0.626910   563447.43750 164 Al
      0.802910       0.624570       0.214910   558792.56250 445 Al
      0.036710       0.123090       0.946480   554195.18750  50 Al
      0.196480       0.963290       0.373090   549655.12500 374 Al
      0.446480       0.713290       0.126910   545172.31250 452 Al
      0.624570       0.535090       0.947090   540746.56250 481 Al
==============================================
MonteCarlo: Metropolis with identity changes
Si > Al, Al > Si. STOP when occurrence <    0.00000
==============================================
Cost_function     Occurrence %     Scan-Cost
    49247.6211        0.000112  49247.367188
    35567.7266        0.000051  35567.503906
    30095.7695        0.000033  30095.636719
    27359.7930        0.000027  27359.246094
    24623.8145        0.000012  24623.414062
    24623.8145        0.000018  24623.220703
    21887.8340        0.000024  21887.771484
    19151.8555        0.000018  19151.189453
    13679.9102        0.000009  13679.517578
    10943.9492        0.000018  10943.652344
    10943.9453        0.000018  10943.209961
     8207.9668        0.000024   8207.370117
     8207.9668        0.000018   8207.686523
     8207.9668        0.000024   8207.375000
     8207.9668        0.000075   8207.488281
     5471.9893        0.000057   5471.458984
     5471.9893        0.000018   5471.914551
     5471.9858        0.000057   5471.442383
     2736.1411        0.000090   2735.828857
        0.1658        0.000042      0.014567
        0.1658        0.000006     -0.537891
        0.1658        0.000006      0.153195
        0.1658        0.000000     -0.665821
        0.1659        0.000015     -0.355897
        0.1659        0.000009     -0.810372
        0.1659        0.000012      0.118117
        0.1659        0.000009     -0.022910
        0.1659        0.000021      0.037504
        0.1658        0.000009     -0.730228
        0.1659        0.000006     -0.424608
        0.1659        0.000009     -0.717011
        0.1659        0.000021     -0.700940
        0.1658        0.000024     -0.242565
        0.1658        0.000003     -0.226663
        0.1659        0.000006      0.083995
        0.1659        0.000003     -0.339308
        0.1658        0.000009     -0.101166
        0.1659        0.000012     -0.123906
        0.1658        0.000009     -0.798688
        0.1658        0.000003     -0.064134
        0.1658        0.000006     -0.779463
        0.1658        0.000006     -0.215939
        0.1659        0.000009     -0.424617
        0.1658        0.000009     -0.725423
        0.1658        0.000003      0.160477
        0.1658        0.000006     -0.543802
        0.1658        0.000006     -0.252038
        0.1658        0.000000      0.072589
        0.1658        0.000000     -0.351331
        0.1658        0.000006     -0.332643
        0.1658        0.000003     -0.311876
==============================================
geometrical properties of  86 Al:
 distancia media y dispersion
   12.1522293       3.50705767    
 distancia minima media y dispersion
   4.40377188      0.198003918    
 STOP   12.1522293       4.40377188      0.165820181    
