Random Seed:  1252501486
Number of atoms:   576
Space Group:    1
Cell:
    25.0279999    25.0279999    25.0279999    90.0000000    90.0000000    90.0000000
Box:
    25.0279999     0.0000000     0.0000000
     0.0000000    25.0279999     0.0000000
     0.0000000     0.0000000    25.0279999
----------------------------------------
Inverse Box:
     0.0399553     0.0000000     0.0000000
     0.0000000     0.0399553     0.0000000
     0.0000000     0.0000000     0.0399553
----------------------------------------
[loops] Connectivity between nodes [Degree]:
442222442222442222442222442222442222442222442222442222442222442222442222442222442222442222442222442222442222442222442222442222442222442222442222442222442222442222442222442222442222442222442222442222442222442222442222442222442222442222442222442222442222442222442222442222442222442222442222442222442222442222442222442222442222442222442222442222442222442222442222442222442222442222442222442222442222442222442222442222442222442222442222442222442222442222442222442222442222442222442222442222442222442222442222442222442222442222442222442222442222442222442222442222442222442222442222
Repulsive substitution with cost-function:
cost = 1/(s - p0),  p0 = 3.40 10^-10 m, if s >= p0
cost =   10000000.000 if s <  p0
     Crystalographic positions                  Cost     Label
      0.964910       0.697090       0.874570        0.00000
      0.803520       0.713290       0.123090            NaN 440 Al
      0.446480       0.213290       0.626910        0.31485 308 Al
      0.303520       0.213290       0.123090        0.20441   8 Al
      0.285090       0.697090       0.375430        0.37177 397 Al
      0.873090       0.196480       0.463290        0.34352 254 Al
      0.464910       0.552910       0.875430        0.31819 529 Al
      0.947090       0.124570       0.035090        0.32326   1 Al
      0.947090       0.624570       0.535090        0.31670 145 Al
      0.463290       0.876910       0.553520        0.30574 410 Al
      0.713290       0.123090       0.803520        0.29645 344 Al
      0.446480       0.713290       0.126910        0.29222 452 Al
      0.697090       0.375430       0.285090        0.29300 229 Al
      0.197090       0.375430       0.785090        0.29057 517 Al
      0.125430       0.035090       0.302910        0.29823  55 Al
      0.963290       0.873090       0.696480        0.29622 134 Al
      0.052910       0.374570       0.285090        0.29180 235 Al
      0.552910       0.874570       0.285090        0.29521 379 Al
      0.464910       0.197090       0.874570        0.29201 535 Al
      0.302910       0.624570       0.714910        0.29656 157 Al
      0.696480       0.786710       0.876910        0.29636  80 Al
      0.123090       0.946480       0.036710        0.29358  26 Al
      0.714910       0.302910       0.624570        0.29285 325 Al
      0.535090       0.447090       0.124570        0.29023 457 Al
      0.123090       0.446480       0.536710        0.29664 170 Al
      0.624570       0.035090       0.447090        0.29513 337 Al
      0.785090       0.552910       0.374570        0.29288 259 Al
      0.197090       0.874570       0.464910        0.29101 367 Al
      0.126910       0.303520       0.036710        0.28900  38 Al
      0.373090       0.053520       0.286710        0.31840 404 Al
      0.714910       0.947090       0.625430        0.31817 331 Al
      0.536710       0.626910       0.303520        0.31537 494 Al
      0.552910       0.374570       0.785090        0.31504 523 Al
      0.875430       0.285090       0.197090        0.31554 277 Al
      0.213290       0.126910       0.946480        0.31491  68 Al
      0.124570       0.714910       0.802910        0.31860 205 Al
      0.875430       0.964910       0.052910        0.31802 121 Al
      0.286710       0.876910       0.196480        0.31655 416 Al
      0.803520       0.536710       0.126910        0.31551 446 Al
      0.963290       0.376910       0.553520        0.31462 266 Al
      0.375430       0.464910       0.052910        0.31328 553 Al
      0.873090       0.053520       0.786710   238095.54688 116 Al
      0.214910       0.802910       0.624570   232558.43750 181 Al
      0.625430       0.214910       0.447090   227273.03125 355 Al
      0.626910       0.803520       0.036710   222222.51562 470 Al
      0.374570       0.464910       0.697090   217391.59375 559 Al
      0.376910       0.053520       0.463290   212766.23438 386 Al
      0.624570       0.535090       0.947090   208333.60938 481 Al
      0.124570       0.214910       0.302910   204081.92188  61 Al
      0.947090       0.625430       0.714910   200000.29688 163 Al
      0.053520       0.963290       0.876910   196078.73438  74 Al
      0.964910       0.552910       0.375430   192307.98438 241 Al
      0.302910       0.625430       0.535090   188679.53125 151 Al
      0.696480       0.963290       0.873090   185185.46875  86 Al
      0.947090       0.125430       0.214910   181818.46875  19 Al
      0.125430       0.535090       0.802910   178571.70312 199 Al
      0.446480       0.036710       0.623090   175438.87500 290 Al
      0.125430       0.714910       0.447090   172414.07812 211 Al
      0.697090       0.374570       0.464910   169491.81250 223 Al
      0.552910       0.375430       0.964910   166666.93750 505 Al
      0.303520       0.036710       0.126910   163934.68750  14 Al
      0.285090       0.552910       0.874570   161290.59375 547 Al
      0.874570       0.785090       0.052910   158730.42188 139 Al
      0.802910       0.125430       0.535090   161370.51562 295 Al
      0.375430       0.285090       0.697090   163766.96875 565 Al
      0.374570       0.285090       0.052910   165938.42188 571 Al
      0.964910       0.197090       0.374570   317155.59375 247 Al
      0.376910       0.696480       0.286710   316731.96875 392 Al
      0.036710       0.123090       0.946480   316194.06250  50 Al
      0.785090       0.697090       0.875430   315552.40625 109 Al
      0.875430       0.785090       0.697090   314816.56250 133 Al
      0.785090       0.197090       0.375430   313995.18750 253 Al
      0.535090       0.302910       0.625430   313096.31250 319 Al
      0.035090       0.947090       0.124570   312127.31250  25 Al
      0.624570       0.214910       0.802910   311094.75000 349 Al
      0.552910       0.875430       0.464910   310004.84375 361 Al
      0.623090       0.803520       0.213290   308863.18750 464 Al
      0.374570       0.785090       0.552910   307674.87500 427 Al
      0.447090       0.624570       0.035090   306444.71875 433 Al
      0.035090       0.802910       0.625430   305177.00000 175 Al
      0.035090       0.302910       0.125430   303875.68750  31 Al
      0.214910       0.447090       0.625430   302544.50000 187 Al
      0.626910       0.946480       0.713290   301186.78125 332 Al
      0.713290       0.623090       0.303520   299805.59375 488 Al
      0.196480       0.286710       0.876910   298403.81250 512 Al
      0.124570       0.535090       0.447090   296984.00000 193 Al
==============================================
MonteCarlo: Metropolis with identity changes
Si > Al, Al > Si. STOP when occurrence <    0.00000
==============================================
Cost_function     Occurrence %     Scan-Cost
    46511.6367        0.000105  46511.101562
    21887.8320        0.000102  21887.310547
    16415.8770        0.000048  16415.259766
     5472.0757        0.000051   5471.934570
     2736.1045        0.000024   2735.863770
     2736.1028        0.000030   2735.897461
     2736.1028        0.000021   2735.154053
        0.1649        0.000024     -0.092456
        0.1649        0.000012     -0.293926
        0.1649        0.000000     -0.223541
        0.1649        0.000000     -0.576507
        0.1649        0.000009     -0.316709
        0.1649        0.000006     -0.581850
        0.1649        0.000006     -0.637990
        0.1648        0.000006     -0.151504
        0.1648        0.000003     -0.467021
        0.1648        0.000000     -0.666047
        0.1648        0.000000     -0.505719
        0.1648        0.000000     -0.802272
        0.1648        0.000000      0.035717
        0.1648        0.000000      0.067697
        0.1648        0.000000     -0.117293
        0.1648        0.000000     -0.742333
        0.1648        0.000000     -0.517851
        0.1648        0.000000     -0.400124
        0.1648        0.000000     -0.011714
        0.1648        0.000000     -0.567306
        0.1648        0.000000     -0.040454
        0.1648        0.000000     -0.375148
        0.1648        0.000000      0.111112
        0.1648        0.000000     -0.419421
        0.1648        0.000000     -0.811521
        0.1648        0.000000     -0.436460
        0.1648        0.000000     -0.662325
        0.1648        0.000000     -0.016018
        0.1648        0.000000     -0.830428
        0.1648        0.000000     -0.282225
        0.1648        0.000000     -0.827634
        0.1648        0.000000     -0.770394
        0.1648        0.000000      0.150898
        0.1648        0.000000     -0.518348
        0.1648        0.000000     -0.427252
        0.1648        0.000000     -0.377341
        0.1648        0.000000     -0.375791
        0.1648        0.000000     -0.111614
        0.1648        0.000000      0.145007
        0.1648        0.000000     -0.783964
        0.1648        0.000000     -0.531147
        0.1648        0.000000     -0.461533
        0.1648        0.000000     -0.338401
        0.1648        0.000000     -0.061720
==============================================
geometrical properties of  86 Al:
 distancia media y dispersion
   12.1446524       3.50674438    
 distancia minima media y dispersion
   4.40260649       1.32467384E-02
 STOP   12.1446524       4.40260649      0.164836779    
