Random Seed:  1134587421
Number of atoms:   576
Space Group:    1
Cell:
    25.0279999    25.0279999    25.0279999    90.0000000    90.0000000    90.0000000
Box:
    25.0279999     0.0000000     0.0000000
     0.0000000    25.0279999     0.0000000
     0.0000000     0.0000000    25.0279999
----------------------------------------
Inverse Box:
     0.0399553     0.0000000     0.0000000
     0.0000000     0.0399553     0.0000000
     0.0000000     0.0000000     0.0399553
----------------------------------------
[loops] Connectivity between nodes [Degree]:
442222442222442222442222442222442222442222442222442222442222442222442222442222442222442222442222442222442222442222442222442222442222442222442222442222442222442222442222442222442222442222442222442222442222442222442222442222442222442222442222442222442222442222442222442222442222442222442222442222442222442222442222442222442222442222442222442222442222442222442222442222442222442222442222442222442222442222442222442222442222442222442222442222442222442222442222442222442222442222442222442222442222442222442222442222442222442222442222442222442222442222442222442222442222442222442222
Repulsive substitution with cost-function:
cost = 1/(s - p0),  p0 = 3.40 10^-10 m, if s >= p0
cost =   10000000.000 if s <  p0
     Crystalographic positions                  Cost     Label
      0.197090       0.874570       0.464910        0.00000
      0.535090       0.302910       0.625430            NaN 319 Al
      0.714910       0.802910       0.124570        0.15466 469 Al
      0.035090       0.302910       0.125430        0.15005  31 Al
      0.035090       0.447090       0.624570        0.19606 169 Al
      0.535090       0.447090       0.124570        0.20170 457 Al
      0.714910       0.947090       0.625430        0.23280 331 Al
      0.214910       0.947090       0.125430        0.22499  43 Al
      0.053520       0.786710       0.873090        0.22800  92 Al
      0.696480       0.463290       0.373090        0.23119 230 Al
      0.285090       0.197090       0.875430        0.23411 541 Al
      0.553520       0.963290       0.376910        0.25585 362 Al
      0.373090       0.553520       0.786710        0.25404 548 Al
      0.785090       0.052910       0.874570        0.26040 115 Al
      0.053520       0.463290       0.376910        0.25773 218 Al
      0.785090       0.697090       0.875430        0.25946 109 Al
      0.376910       0.696480       0.286710        0.25804 392 Al
      0.873090       0.196480       0.463290        0.25993 254 Al
      0.213290       0.123090       0.303520        0.25797  56 Al
      0.553520       0.286710       0.873090        0.26163 524 Al
      0.946480       0.713290       0.626910        0.26586 164 Al
      0.446480       0.036710       0.623090        0.26408 290 Al
      0.946480       0.036710       0.123090        0.26315   2 Al
      0.803520       0.536710       0.126910        0.26301 446 Al
      0.303520       0.713290       0.623090        0.26237 152 Al
      0.286710       0.373090       0.053520        0.26151 572 Al
      0.536710       0.623090       0.946480   370370.62500 482 Al
      0.625430       0.214910       0.447090   357143.09375 355 Al
      0.036710       0.123090       0.946480   344827.84375  50 Al
      0.125430       0.535090       0.802910   333333.59375 199 Al
      0.624570       0.714910       0.302910   322580.90625 493 Al
      0.213290       0.626910       0.446480   312500.25000 212 Al
      0.786710       0.373090       0.553520   303030.56250 284 Al
      0.463290       0.873090       0.196480   294117.87500 422 Al
      0.286710       0.376910       0.696480   285714.50000 560 Al
      0.874570       0.964910       0.697090   277778.00000 127 Al
      0.875430       0.285090       0.197090   270270.50000 277 Al
      0.876910       0.553520       0.463290   263158.12500 242 Al
      0.303520       0.213290       0.123090   256410.48438   8 Al
      0.625430       0.035090       0.802910   500000.25000 343 Al
      0.963290       0.876910       0.053520   487805.12500 122 Al
      0.376910       0.053520       0.463290   476190.71875 386 Al
      0.123090       0.803520       0.713290   465116.53125 176 Al
      0.036710       0.126910       0.303520   454545.71875  62 Al
      0.697090       0.874570       0.964910   444444.65625  79 Al
      0.463290       0.876910       0.553520   434782.84375 410 Al
      0.553520       0.463290       0.876910   425532.15625 506 Al
      0.197090       0.875430       0.285090   416666.90625 373 Al
      0.803520       0.213290       0.623090   408163.46875 296 Al
      0.446480       0.713290       0.126910   400000.21875 452 Al
      0.873090       0.553520       0.286710   392157.09375 260 Al
      0.053520       0.963290       0.876910   384615.59375  74 Al
      0.053520       0.286710       0.373090   377358.71875 236 Al
      0.376910       0.553520       0.963290   370370.59375 530 Al
      0.373090       0.053520       0.286710   363636.59375 404 Al
      0.303520       0.536710       0.626910   357143.06250 158 Al
      0.697090       0.875430       0.785090   350877.40625  85 Al
      0.036710       0.623090       0.446480   344827.81250 194 Al
      0.373090       0.696480       0.463290   338983.28125 398 Al
      0.446480       0.213290       0.626910   333333.56250 308 Al
      0.803520       0.713290       0.123090   333518.75000 440 Al
      0.123090       0.303520       0.213290   333509.81250  32 Al
      0.697090       0.375430       0.285090   333325.03125 229 Al
      0.123090       0.446480       0.536710   332981.40625 170 Al
      0.126910       0.803520       0.536710   332494.00000 182 Al
      0.623090       0.303520       0.713290   331876.56250 320 Al
      0.126910       0.303520       0.036710   331141.59375  38 Al
      0.213290       0.126910       0.946480   330300.43750  68 Al
      0.463290       0.376910       0.053520   329363.50000 554 Al
      0.964910       0.697090       0.874570   471197.18750 103 Al
      0.946480       0.536710       0.623090   468083.90625 146 Al
      0.624570       0.035090       0.447090   464956.43750 337 Al
      0.376910       0.196480       0.786710   461819.65625 536 Al
      0.303520       0.036710       0.126910   458677.90625  14 Al
      0.623090       0.446480       0.036710   455535.00000 458 Al
      0.123090       0.946480       0.036710   452394.53125  26 Al
      0.625430       0.535090       0.302910   449259.56250 487 Al
      0.876910       0.053520       0.963290   446132.87500  98 Al
      0.875430       0.785090       0.697090   443016.93750 133 Al
      0.286710       0.873090       0.553520   439914.06250 428 Al
      0.713290       0.626910       0.946480   436826.12500 500 Al
      0.785090       0.197090       0.375430   433754.93750 253 Al
      0.553520       0.786710       0.373090   430702.09375 380 Al
      0.213290       0.623090       0.803520   427668.93750 200 Al
      0.963290       0.376910       0.553520   424656.68750 266 Al
      0.196480       0.286710       0.876910   421666.37500 512 Al
==============================================
MonteCarlo: Metropolis with identity changes
Si > Al, Al > Si. STOP when occurrence <    0.00000
==============================================
Cost_function     Occurrence %     Scan-Cost
    35567.7383        0.000093  35567.128906
    27359.8418        0.000039  27359.091797
    21887.8770        0.000024  21887.142578
    19151.8984        0.000015  19151.236328
    16415.9199        0.000027  16414.955078
    16415.9082        0.000021  16415.458984
    10943.9580        0.000033  10943.563477
     8208.0020        0.000045   8207.625000
     2736.1365        0.000039   2736.001221
     2736.0366        0.000039   2735.735840
        0.1661        0.000027     -0.380799
        0.1658        0.000021     -0.480298
        0.1658        0.000003      0.010591
        0.1658        0.000003     -0.376923
        0.1658        0.000027     -0.160452
        0.1658        0.000009     -0.271285
        0.1658        0.000006     -0.798714
        0.1658        0.000003     -0.548820
        0.1657        0.000012     -0.384229
        0.1657        0.000003     -0.399132
        0.1657        0.000000     -0.424742
        0.1657        0.000003     -0.719815
        0.1657        0.000000     -0.001043
        0.1657        0.000000     -0.675743
        0.1657        0.000000     -0.754318
        0.1657        0.000006     -0.269927
        0.1657        0.000000     -0.645543
        0.1657        0.000003     -0.694905
        0.1657        0.000000     -0.229232
        0.1657        0.000000     -0.737807
        0.1657        0.000000     -0.718018
        0.1657        0.000003      0.081856
        0.1657        0.000003     -0.163339
        0.1657        0.000003     -0.777319
        0.1657        0.000000     -0.233708
        0.1657        0.000000     -0.591585
        0.1657        0.000000     -0.691013
        0.1657        0.000000     -0.460875
        0.1657        0.000006     -0.585044
        0.1657        0.000000      0.133811
        0.1657        0.000003     -0.084223
        0.1657        0.000000     -0.656345
        0.1657        0.000000     -0.003441
        0.1657        0.000000     -0.075711
        0.1657        0.000003     -0.655651
        0.1657        0.000003     -0.342571
        0.1657        0.000003     -0.808822
        0.1657        0.000000     -0.189956
        0.1657        0.000000     -0.494963
        0.1657        0.000000     -0.259419
        0.1657        0.000000     -0.772602
==============================================
geometrical properties of  86 Al:
 distancia media y dispersion
   12.1584702       3.51584196    
 distancia minima media y dispersion
   4.38505220       1.84257440E-02
 STOP   12.1584702       4.38505220      0.165736794    
