Random Seed:  1128320693
Number of atoms:   576
Space Group:    1
Cell:
    25.0279999    25.0279999    25.0279999    90.0000000    90.0000000    90.0000000
Box:
    25.0279999     0.0000000     0.0000000
     0.0000000    25.0279999     0.0000000
     0.0000000     0.0000000    25.0279999
----------------------------------------
Inverse Box:
     0.0399553     0.0000000     0.0000000
     0.0000000     0.0399553     0.0000000
     0.0000000     0.0000000     0.0399553
----------------------------------------
[loops] Connectivity between nodes [Degree]:
442222442222442222442222442222442222442222442222442222442222442222442222442222442222442222442222442222442222442222442222442222442222442222442222442222442222442222442222442222442222442222442222442222442222442222442222442222442222442222442222442222442222442222442222442222442222442222442222442222442222442222442222442222442222442222442222442222442222442222442222442222442222442222442222442222442222442222442222442222442222442222442222442222442222442222442222442222442222442222442222442222442222442222442222442222442222442222442222442222442222442222442222442222442222442222442222
Repulsive substitution with cost-function:
cost = 1/(s - p0),  p0 = 3.40 10^-10 m, if s >= p0
cost =   10000000.000 if s <  p0
     Crystalographic positions                  Cost     Label
      0.052910       0.374570       0.285090        0.00000
      0.626910       0.803520       0.036710            NaN 470 Al
      0.535090       0.302910       0.625430        0.17834 319 Al
      0.123090       0.803520       0.713290        0.18381 176 Al
      0.126910       0.946480       0.213290        0.18270  44 Al
      0.535090       0.447090       0.124570        0.19289 457 Al
      0.623090       0.946480       0.536710        0.22625 314 Al
      0.126910       0.446480       0.713290        0.22011 188 Al
      0.036710       0.123090       0.946480        0.22669  50 Al
      0.785090       0.552910       0.374570        0.23652 259 Al
      0.285090       0.697090       0.375430        0.23657 397 Al
      0.464910       0.197090       0.874570        0.23990 535 Al
      0.876910       0.696480       0.786710        0.25022 104 Al
      0.785090       0.197090       0.375430        0.24907 253 Al
      0.373090       0.053520       0.286710        0.24702 404 Al
      0.464910       0.552910       0.875430        0.24978 529 Al
      0.785090       0.052910       0.874570        0.25677 115 Al
      0.197090       0.374570       0.964910        0.25485 511 Al
      0.624570       0.714910       0.302910   526316.06250 493 Al
      0.375430       0.964910       0.552910   500000.25000 409 Al
      0.036710       0.623090       0.446480   476190.71875 194 Al
      0.803520       0.213290       0.623090   454545.68750 296 Al
      0.874570       0.785090       0.052910   434782.81250 139 Al
      0.303520       0.213290       0.123090   416666.87500   8 Al
      0.303520       0.536710       0.626910   400000.25000 158 Al
      0.803520       0.536710       0.126910   384615.62500 446 Al
      0.947090       0.125430       0.214910   370370.62500  19 Al
      0.874570       0.964910       0.697090   357143.09375 127 Al
      0.375430       0.785090       0.197090   344827.84375 421 Al
      0.963290       0.376910       0.553520   333333.59375 266 Al
      0.052910       0.875430       0.964910   322580.87500  73 Al
      0.536710       0.123090       0.446480   312500.21875 338 Al
      0.197090       0.874570       0.464910   303030.53125 367 Al
      0.697090       0.875430       0.785090   294117.87500  85 Al
      0.697090       0.375430       0.285090   285714.50000 229 Al
      0.213290       0.623090       0.803520   277778.00000 200 Al
      0.713290       0.626910       0.946480   270270.50000 500 Al
      0.285090       0.197090       0.875430   263158.12500 541 Al
      0.124570       0.214910       0.302910   256410.50000  61 Al
      0.552910       0.374570       0.785090   250000.25000 523 Al
      0.552910       0.874570       0.285090   243902.68750 379 Al
      0.374570       0.785090       0.552910   238095.48438 427 Al
      0.375430       0.464910       0.052910   232558.39062 553 Al
      0.946480       0.713290       0.626910   454545.71875 164 Al
      0.447090       0.125430       0.714910   444444.65625 307 Al
      0.035090       0.302910       0.125430   434782.81250  31 Al
      0.697090       0.374570       0.464910   425532.12500 223 Al
      0.875430       0.964910       0.052910   416666.87500 121 Al
      0.447090       0.625430       0.214910   408163.46875 451 Al
      0.286710       0.376910       0.696480   400000.21875 560 Al
      0.303520       0.036710       0.126910   392157.09375  14 Al
      0.625430       0.035090       0.802910   384615.59375 343 Al
      0.946480       0.536710       0.623090   377358.71875 146 Al
      0.875430       0.285090       0.197090   370370.59375 277 Al
      0.552910       0.375430       0.964910   363636.59375 505 Al
      0.123090       0.446480       0.536710   357143.06250 170 Al
      0.036710       0.626910       0.803520   350877.40625 206 Al
      0.447090       0.624570       0.035090   344827.81250 433 Al
      0.964910       0.197090       0.374570   338983.28125 247 Al
      0.464910       0.697090       0.374570   333333.56250 391 Al
      0.624570       0.214910       0.802910   327869.06250 349 Al
      0.625430       0.535090       0.302910   322580.84375 487 Al
      0.125430       0.035090       0.302910   317460.53125  55 Al
      0.697090       0.874570       0.964910   317620.43750  79 Al
      0.052910       0.874570       0.785090   317613.03125  91 Al
      0.035090       0.947090       0.124570   317453.46875  25 Al
      0.124570       0.035090       0.947090   317155.53125  49 Al
      0.214910       0.802910       0.624570   316731.90625 181 Al
      0.213290       0.626910       0.446480   316194.03125 212 Al
      0.053520       0.463290       0.376910   315552.34375 218 Al
      0.873090       0.553520       0.286710   314816.50000 260 Al
      0.535090       0.947090       0.624570   313995.12500 313 Al
      0.197090       0.875430       0.285090   313096.28125 373 Al
      0.535090       0.802910       0.125430   312127.25000 463 Al
      0.947090       0.124570       0.035090   311094.68750   1 Al
      0.802910       0.125430       0.535090   310004.78125 295 Al
      0.214910       0.302910       0.124570   308863.12500  37 Al
      0.447090       0.124570       0.535090   435879.96875 289 Al
      0.714910       0.947090       0.625430   433026.96875 331 Al
      0.125430       0.214910       0.947090   430176.93750  67 Al
      0.714910       0.802910       0.124570   427332.43750 469 Al
      0.373090       0.553520       0.786710   424495.68750 548 Al
      0.714910       0.302910       0.624570   421668.65625 325 Al
      0.876910       0.553520       0.463290   418853.15625 242 Al
      0.552910       0.875430       0.464910   416050.84375 361 Al
      0.964910       0.052910       0.875430   413263.03125  97 Al
==============================================
MonteCarlo: Metropolis with identity changes
Si > Al, Al > Si. STOP when occurrence <    0.00000
==============================================
Cost_function     Occurrence %     Scan-Cost
    35567.7188        0.000115  35567.453125
    21887.8242        0.000087  21887.806641
    13679.9189        0.000012  13679.886719
    10943.9385        0.000015  10943.778320
    10943.9385        0.000000  10943.144531
    10943.9385        0.000015  10943.666016
     8207.9658        0.000006   8207.412109
     8207.9629        0.000006   8207.205078
     2736.0762        0.000030   2735.833008
        0.1649        0.000018     -0.799313
        0.1649        0.000009     -0.565117
        0.1649        0.000000      0.007729
        0.1649        0.000006     -0.589817
        0.1649        0.000006     -0.626585
        0.1649        0.000006     -0.174423
        0.1649        0.000003     -0.144078
        0.1649        0.000000      0.110548
        0.1649        0.000003      0.044008
        0.1649        0.000006     -0.037331
        0.1649        0.000003     -0.548259
        0.1649        0.000000     -0.572134
        0.1649        0.000000     -0.129992
        0.1649        0.000000     -0.217841
        0.1649        0.000000     -0.437684
        0.1649        0.000000     -0.142746
        0.1649        0.000000     -0.475894
        0.1649        0.000003     -0.735896
        0.1649        0.000006     -0.560223
        0.1649        0.000006     -0.137041
        0.1649        0.000003     -0.227421
        0.1649        0.000006     -0.705149
        0.1649        0.000009     -0.542737
        0.1649        0.000006     -0.431876
        0.1649        0.000006     -0.275648
        0.1649        0.000012     -0.465533
        0.1649        0.000003     -0.789562
        0.1649        0.000009     -0.479865
        0.1649        0.000003     -0.231509
        0.1649        0.000003     -0.656122
        0.1649        0.000003     -0.466965
        0.1649        0.000006     -0.053104
        0.1649        0.000000     -0.515947
        0.1649        0.000000     -0.061669
        0.1649        0.000003     -0.817877
        0.1649        0.000006     -0.581871
        0.1649        0.000006      0.044530
        0.1649        0.000003      0.070816
        0.1649        0.000000     -0.438772
        0.1649        0.000003     -0.547001
        0.1649        0.000006     -0.575883
        0.1649        0.000003     -0.508970
==============================================
geometrical properties of  86 Al:
 distancia media y dispersion
   12.1402407       3.50175428    
 distancia minima media y dispersion
   4.40167522       8.28640722E-03
 STOP   12.1402407       4.40167522      0.164903820    
