Random Seed:   891144488
Number of atoms:   576
Space Group:    1
Cell:
    25.0279999    25.0279999    25.0279999    90.0000000    90.0000000    90.0000000
Box:
    25.0279999     0.0000000     0.0000000
     0.0000000    25.0279999     0.0000000
     0.0000000     0.0000000    25.0279999
----------------------------------------
Inverse Box:
     0.0399553     0.0000000     0.0000000
     0.0000000     0.0399553     0.0000000
     0.0000000     0.0000000     0.0399553
----------------------------------------
[loops] Connectivity between nodes [Degree]:
442222442222442222442222442222442222442222442222442222442222442222442222442222442222442222442222442222442222442222442222442222442222442222442222442222442222442222442222442222442222442222442222442222442222442222442222442222442222442222442222442222442222442222442222442222442222442222442222442222442222442222442222442222442222442222442222442222442222442222442222442222442222442222442222442222442222442222442222442222442222442222442222442222442222442222442222442222442222442222442222442222442222442222442222442222442222442222442222442222442222442222442222442222442222442222442222
Repulsive substitution with cost-function:
cost = 1/(s - p0),  p0 = 3.40 10^-10 m, if s >= p0
cost =   10000000.000 if s <  p0
     Crystalographic positions                  Cost     Label
      0.213290       0.623090       0.803520        0.00000
      0.124570       0.035090       0.947090            NaN  49 Al
      0.625430       0.535090       0.302910        0.24074 487 Al
      0.624570       0.035090       0.447090        0.20452 337 Al
      0.124570       0.535090       0.447090        0.19458 193 Al
      0.624570       0.214910       0.802910        0.20391 349 Al
      0.125430       0.035090       0.302910        0.20856  55 Al
      0.625430       0.714910       0.947090        0.21194 499 Al
      0.197090       0.374570       0.964910        0.21238 511 Al
      0.875430       0.785090       0.697090  1000000.25000 133 Al
      0.875430       0.285090       0.197090   909091.18750 277 Al
      0.374570       0.785090       0.552910   833333.50000 427 Al
      0.874570       0.285090       0.552910   769230.93750 283 Al
      0.375430       0.785090       0.197090   714285.87500 421 Al
      0.375430       0.285090       0.697090   666666.87500 565 Al
      0.874570       0.785090       0.052910   625000.18750 139 Al
      0.463290       0.376910       0.053520   588235.50000 554 Al
      0.873090       0.053520       0.786710   555555.81250 116 Al
      0.373090       0.053520       0.286710   526316.06250 404 Al
      0.876910       0.553520       0.463290   500000.25000 242 Al
      0.126910       0.803520       0.536710   476190.68750 182 Al
      0.626910       0.946480       0.713290   454545.68750 332 Al
      0.123090       0.303520       0.213290   434782.78125  32 Al
      0.623090       0.803520       0.213290   416666.87500 464 Al
      0.626910       0.303520       0.536710   400000.18750 326 Al
      0.803520       0.536710       0.126910   384615.56250 446 Al
      0.126910       0.446480       0.713290   370370.56250 188 Al
      0.946480       0.036710       0.123090   357143.03125   2 Al
      0.464910       0.552910       0.875430   344827.78125 529 Al
      0.302910       0.125430       0.035090   333333.53125   7 Al
      0.053520       0.786710       0.873090   322580.84375  92 Al
      0.446480       0.036710       0.623090   312500.18750 290 Al
      0.285090       0.697090       0.375430   303030.50000 397 Al
      0.785090       0.197090       0.375430   294117.84375 253 Al
      0.303520       0.536710       0.626910   285714.46875 158 Al
      0.446480       0.536710       0.123090   277777.96875 434 Al
      0.947090       0.625430       0.714910   270270.46875 163 Al
      0.214910       0.947090       0.125430   263158.09375  43 Al
      0.697090       0.874570       0.964910   256410.50000  79 Al
      0.053520       0.286710       0.373090   250000.25000 236 Al
      0.553520       0.786710       0.373090   243902.68750 380 Al
      0.464910       0.197090       0.874570   238095.46875 535 Al
      0.803520       0.036710       0.626910   232558.37500 302 Al
      0.623090       0.446480       0.036710   227272.96875 458 Al
      0.697090       0.375430       0.285090   222222.43750 229 Al
      0.376910       0.053520       0.463290   217391.50000 386 Al
      0.125430       0.214910       0.947090   212766.15625  67 Al
      0.785090       0.697090       0.875430   208333.53125 109 Al
      0.552910       0.374570       0.785090   204081.84375 523 Al
      0.873090       0.553520       0.286710   200000.18750 260 Al
      0.876910       0.053520       0.963290   196078.62500  98 Al
      0.123090       0.803520       0.713290   192307.87500 176 Al
      0.197090       0.875430       0.285090   188679.43750 373 Al
      0.285090       0.197090       0.875430   185185.37500 541 Al
      0.285090       0.552910       0.874570   181818.37500 547 Al
      0.286710       0.373090       0.053520   185305.56250 572 Al
      0.213290       0.123090       0.303520   363864.34375  56 Al
      0.036710       0.623090       0.446480   363624.71875 194 Al
      0.946480       0.213290       0.126910   363181.59375  20 Al
      0.053520       0.963290       0.876910   362556.12500  74 Al
      0.123090       0.446480       0.536710   361767.25000 170 Al
      0.963290       0.873090       0.696480   360832.09375 134 Al
      0.623090       0.946480       0.536710   359766.06250 314 Al
      0.536710       0.123090       0.446480   358583.03125 338 Al
      0.713290       0.623090       0.303520   357295.56250 488 Al
      0.713290       0.123090       0.803520   355915.00000 344 Al
      0.036710       0.126910       0.303520   354451.56250  62 Al
      0.786710       0.373090       0.553520   352914.62500 284 Al
      0.286710       0.873090       0.553520   351312.56250 428 Al
      0.963290       0.876910       0.053520   349652.93750 122 Al
      0.053520       0.463290       0.376910   347942.78125 218 Al
      0.303520       0.713290       0.623090   346188.28125 152 Al
      0.463290       0.873090       0.196480   344395.18750 422 Al
      0.536710       0.626910       0.303520   342568.65625 494 Al
      0.963290       0.376910       0.553520   340713.34375 266 Al
      0.963290       0.373090       0.196480   338833.62500 278 Al
      0.446480       0.713290       0.126910   336933.31250 452 Al
      0.697090       0.875430       0.785090   335015.93750  85 Al
      0.535090       0.302910       0.625430   333084.71875 319 Al
      0.714910       0.802910       0.124570   331142.56250 469 Al
      0.553520       0.963290       0.376910   329192.12500 362 Al
      0.286710       0.376910       0.696480   327235.84375 560 Al
      0.036710       0.626910       0.803520   325275.87500 206 Al
      0.803520       0.213290       0.623090   323314.21875 296 Al
      0.802910       0.625430       0.035090   321352.71875 439 Al
      0.303520       0.213290       0.123090   319392.93750   8 Al
==============================================
MonteCarlo: Metropolis with identity changes
Si > Al, Al > Si. STOP when occurrence <    0.00000
==============================================
Cost_function     Occurrence %     Scan-Cost
    51983.5938        0.000151  51982.824219
    32831.7422        0.000118  32831.203125
    32831.7383        0.000033  32831.273438
    32831.7383        0.000024  32830.808594
    30095.7754        0.000015  30094.857422
    27359.8008        0.000009  27359.378906
    21887.8477        0.000030  21887.023438
    19151.8691        0.000006  19151.726562
    19151.8691        0.000003  19151.699219
    19151.8691        0.000003  19150.919922
    19151.8691        0.000006  19150.955078
    19151.8691        0.000009  19150.941406
    19151.8672        0.000009  19151.548828
    19151.8672        0.000033  19151.439453
    13679.9521        0.000045  13678.959961
    13679.9512        0.000003  13679.256836
    10943.9707        0.000015  10943.079102
    10943.9688        0.000012  10943.706055
     5472.0273        0.000021   5471.942383
     2736.0527        0.000003   2735.575195
     2736.0527        0.000000   2735.825684
     2736.0527        0.000000   2736.011963
     2736.0527        0.000000   2735.262939
     2736.0522        0.000006   2735.401611
        0.1661        0.000009     -0.080063
        0.1660        0.000006     -0.818880
        0.1660        0.000000     -0.278491
        0.1660        0.000000     -0.761819
        0.1660        0.000000     -0.769338
        0.1660        0.000006      0.083880
        0.1660        0.000006     -0.498828
        0.1660        0.000003     -0.288964
        0.1660        0.000000     -0.693145
        0.1660        0.000000      0.029790
        0.1660        0.000000     -0.590392
        0.1660        0.000000     -0.391515
        0.1660        0.000000     -0.739430
        0.1660        0.000003     -0.274815
        0.1660        0.000003     -0.808032
        0.1660        0.000003      0.023411
        0.1660        0.000000     -0.264152
        0.1660        0.000000     -0.440533
        0.1660        0.000000     -0.810804
        0.1660        0.000000     -0.396651
        0.1660        0.000000     -0.077714
        0.1660        0.000003     -0.722262
        0.1660        0.000003     -0.698486
        0.1660        0.000003     -0.399835
        0.1660        0.000000     -0.807030
        0.1660        0.000000     -0.392673
        0.1660        0.000000     -0.784434
==============================================
geometrical properties of  86 Al:
 distancia media y dispersion
   12.1355743       3.50791264    
 distancia minima media y dispersion
   4.38372040       7.30792480E-03
 STOP   12.1355743       4.38372040      0.165987268    
