Random Seed:   955852093
Number of atoms:   576
Space Group:    1
Cell:
    25.0279999    25.0279999    25.0279999    90.0000000    90.0000000    90.0000000
Box:
    25.0279999     0.0000000     0.0000000
     0.0000000    25.0279999     0.0000000
     0.0000000     0.0000000    25.0279999
----------------------------------------
Inverse Box:
     0.0399553     0.0000000     0.0000000
     0.0000000     0.0399553     0.0000000
     0.0000000     0.0000000     0.0399553
----------------------------------------
[loops] Connectivity between nodes [Degree]:
442222442222442222442222442222442222442222442222442222442222442222442222442222442222442222442222442222442222442222442222442222442222442222442222442222442222442222442222442222442222442222442222442222442222442222442222442222442222442222442222442222442222442222442222442222442222442222442222442222442222442222442222442222442222442222442222442222442222442222442222442222442222442222442222442222442222442222442222442222442222442222442222442222442222442222442222442222442222442222442222442222442222442222442222442222442222442222442222442222442222442222442222442222442222442222442222
Repulsive substitution with cost-function:
cost = 1/(s - p0),  p0 = 3.40 10^-10 m, if s >= p0
cost =   10000000.000 if s <  p0
     Crystalographic positions                  Cost     Label
      0.696480       0.286710       0.376910        0.00000
      0.964910       0.552910       0.375430            NaN 241 Al
      0.053520       0.963290       0.876910        0.23651  74 Al
      0.464910       0.552910       0.875430        0.18548 529 Al
      0.285090       0.052910       0.374570        0.20363 403 Al
      0.625430       0.035090       0.802910        0.20578 343 Al
      0.464910       0.697090       0.374570        0.20696 391 Al
      0.125430       0.535090       0.802910        0.21040 199 Al
      0.947090       0.125430       0.214910        0.22220  19 Al
      0.785090       0.697090       0.875430        0.22726 109 Al
      0.285090       0.197090       0.875430        0.22675 541 Al
      0.553520       0.963290       0.376910        0.24780 362 Al
      0.126910       0.803520       0.536710        0.24775 182 Al
      0.714910       0.447090       0.125430        0.24621 475 Al
      0.803520       0.213290       0.623090        0.24799 296 Al
      0.214910       0.302910       0.124570        0.24606  37 Al
      0.714910       0.802910       0.124570   588235.56250 469 Al
      0.303520       0.536710       0.626910   555555.81250 158 Al
      0.214910       0.947090       0.125430   526316.06250  43 Al
      0.446480       0.213290       0.626910   500000.21875 308 Al
      0.946480       0.536710       0.623090   476190.68750 146 Al
      0.446480       0.536710       0.123090   454545.68750 434 Al
      0.874570       0.964910       0.697090   434782.84375 127 Al
      0.053520       0.286710       0.373090   416666.90625 236 Al
      0.553520       0.286710       0.873090   400000.21875 524 Al
      0.713290       0.623090       0.303520   384615.56250 488 Al
      0.535090       0.947090       0.624570   370370.56250 313 Al
      0.963290       0.876910       0.053520   357143.03125 122 Al
      0.375430       0.785090       0.197090   344827.78125 421 Al
      0.963290       0.373090       0.196480   333333.53125 278 Al
      0.374570       0.785090       0.552910   322580.84375 427 Al
      0.876910       0.053520       0.963290   312500.18750  98 Al
      0.123090       0.446480       0.536710   303030.50000 170 Al
      0.124570       0.714910       0.802910   294117.84375 205 Al
      0.374570       0.285090       0.052910   285714.46875 571 Al
      0.875430       0.785090       0.697090   555555.75000 133 Al
      0.626910       0.303520       0.536710   540540.75000 326 Al
      0.196480       0.786710       0.376910   526316.00000 368 Al
      0.625430       0.714910       0.947090   512820.71875 499 Al
      0.125430       0.214910       0.947090   500000.21875  67 Al
      0.873090       0.196480       0.463290   487805.09375 254 Al
      0.286710       0.376910       0.696480   476190.68750 560 Al
      0.302910       0.124570       0.214910   465116.50000  13 Al
      0.802910       0.625430       0.035090   454545.68750 439 Al
      0.536710       0.123090       0.446480   444444.65625 338 Al
      0.125430       0.035090       0.302910   434782.81250  55 Al
      0.535090       0.802910       0.125430   425532.12500 463 Al
      0.285090       0.552910       0.874570   416666.87500 547 Al
      0.696480       0.463290       0.373090   408163.46875 230 Al
      0.697090       0.875430       0.785090   400000.21875  85 Al
      0.213290       0.626910       0.446480   392157.09375 212 Al
      0.623090       0.303520       0.713290   384615.56250 320 Al
      0.375430       0.964910       0.552910   377358.68750 409 Al
      0.964910       0.697090       0.874570   370370.56250 103 Al
      0.624570       0.535090       0.947090   363636.56250 481 Al
      0.963290       0.376910       0.553520   357143.03125 266 Al
      0.197090       0.374570       0.964910   350877.37500 511 Al
      0.714910       0.947090       0.625430   517241.59375 331 Al
      0.374570       0.964910       0.197090   508474.78125 415 Al
      0.697090       0.874570       0.964910   500000.21875  79 Al
      0.463290       0.373090       0.696480   491803.46875 566 Al
      0.302910       0.125430       0.035090   483871.15625   7 Al
      0.713290       0.126910       0.446480   476190.65625 356 Al
      0.786710       0.373090       0.553520   468750.18750 284 Al
      0.124570       0.035090       0.947090   461538.65625  49 Al
      0.052910       0.874570       0.785090   459353.25000  91 Al
      0.036710       0.623090       0.446480   457085.31250 194 Al
      0.873090       0.553520       0.286710   454745.06250 260 Al
      0.713290       0.123090       0.803520   452341.90625 344 Al
      0.946480       0.213290       0.126910   449884.34375  20 Al
      0.214910       0.802910       0.624570   447380.00000 181 Al
      0.447090       0.125430       0.714910   444835.71875 307 Al
      0.552910       0.875430       0.464910   442257.84375 361 Al
      0.536710       0.626910       0.303520   439652.03125 494 Al
      0.946480       0.036710       0.123090   437023.34375   2 Al
      0.626910       0.446480       0.213290   434376.50000 476 Al
      0.123090       0.303520       0.213290   431715.68750  32 Al
      0.126910       0.446480       0.713290   429044.65625 188 Al
      0.375430       0.464910       0.052910   426366.93750 553 Al
      0.874570       0.785090       0.052910   548685.50000 139 Al
      0.876910       0.553520       0.463290   544460.12500 242 Al
      0.302910       0.624570       0.714910   540274.06250 157 Al
      0.552910       0.874570       0.285090   536128.31250 379 Al
      0.947090       0.625430       0.714910   532023.62500 163 Al
      0.876910       0.196480       0.286710   527960.62500 248 Al
      0.035090       0.802910       0.625430   523939.84375 175 Al
==============================================
MonteCarlo: Metropolis with identity changes
Si > Al, Al > Si. STOP when occurrence <    0.00000
==============================================
Cost_function     Occurrence %     Scan-Cost
    41039.6758        0.000093  41038.949219
    38303.6953        0.000039  38302.894531
    35567.7188        0.000063  35566.992188
    30095.7637        0.000042  30095.154297
    30095.7637        0.000030  30094.982422
    27359.7852        0.000012  27359.064453
    27359.7852        0.000015  27359.470703
    27359.7852        0.000015  27359.064453
    27359.7852        0.000018  27358.820312
    27359.7852        0.000012  27358.830078
    27359.7852        0.000012  27358.992188
    27359.7852        0.000006  27359.783203
    27359.7852        0.000018  27359.417969
    27359.7852        0.000033  27359.279297
    27359.7852        0.000003  27359.199219
    27359.7852        0.000030  27359.371094
    27359.7852        0.000003  27359.353516
    27359.7852        0.000015  27359.554688
    27359.7852        0.000021  27359.021484
    27359.7852        0.000015  27359.728516
    27359.7852        0.000012  27359.287109
    27359.7852        0.000006  27359.230469
    27359.7852        0.000012  27359.708984
    27359.7852        0.000018  27358.808594
    27359.7852        0.000027  27359.552734
    27359.7852        0.000009  27359.111328
    24623.8066        0.000024  24623.326172
    24623.8066        0.000000  24623.623047
    21887.8418        0.000009  21887.720703
    21887.8301        0.000015  21887.763672
    21887.8301        0.000006  21887.058594
    21887.8301        0.000012  21887.306641
    21887.8301        0.000018  21887.029297
    21887.8301        0.000003  21887.513672
    21887.8301        0.000012  21887.201172
    21887.8301        0.000009  21887.591797
    21887.8301        0.000006  21887.722656
    21887.8301        0.000006  21887.423828
    21887.8301        0.000006  21887.265625
    19151.8516        0.000006  19151.042969
    19151.8516        0.000000  19151.007812
    19151.8516        0.000000  19151.753906
    19151.8516        0.000006  19151.232422
    19151.8516        0.000003  19151.369141
    19151.8516        0.000000  19151.535156
    19151.8516        0.000006  19151.548828
    19151.8516        0.000003  19150.919922
    19151.8516        0.000009  19151.666016
    19151.8516        0.000003  19151.408203
    19151.8516        0.000006  19151.203125
    19151.8516        0.000000  19151.193359
==============================================
geometrical properties of  86 Al:
 distancia media y dispersion
   12.1454239       3.48765564    
 distancia minima media y dispersion
   4.19139385      0.449802190    
 STOP   12.1454239       4.19139385       19151.8516    
