Random Seed:  1233658796
Number of atoms:   576
Space Group:    1
Cell:
    25.0279999    25.0279999    25.0279999    90.0000000    90.0000000    90.0000000
Box:
    25.0279999     0.0000000     0.0000000
     0.0000000    25.0279999     0.0000000
     0.0000000     0.0000000    25.0279999
----------------------------------------
Inverse Box:
     0.0399553     0.0000000     0.0000000
     0.0000000     0.0399553     0.0000000
     0.0000000     0.0000000     0.0399553
----------------------------------------
[loops] Connectivity between nodes [Degree]:
442222442222442222442222442222442222442222442222442222442222442222442222442222442222442222442222442222442222442222442222442222442222442222442222442222442222442222442222442222442222442222442222442222442222442222442222442222442222442222442222442222442222442222442222442222442222442222442222442222442222442222442222442222442222442222442222442222442222442222442222442222442222442222442222442222442222442222442222442222442222442222442222442222442222442222442222442222442222442222442222442222442222442222442222442222442222442222442222442222442222442222442222442222442222442222442222
Repulsive substitution with cost-function:
cost = 1/(s - p0),  p0 = 3.40 10^-10 m, if s >= p0
cost =   10000000.000 if s <  p0
     Crystalographic positions                  Cost     Label
      0.126910       0.303520       0.036710        0.00000
      0.875430       0.464910       0.552910            NaN 265 Al
      0.375430       0.964910       0.552910        0.45739 409 Al
      0.626910       0.803520       0.036710        0.37366 470 Al
      0.874570       0.964910       0.697090        0.33437 127 Al
      0.374570       0.464910       0.697090        0.31544 559 Al
      0.126910       0.946480       0.213290        0.31002  44 Al
      0.626910       0.446480       0.213290        0.30060 476 Al
      0.624570       0.214910       0.802910        0.29670 349 Al
      0.124570       0.714910       0.802910        0.29593 205 Al
      0.876910       0.196480       0.286710        0.29314 248 Al
      0.376910       0.696480       0.286710        0.28954 392 Al
      0.124570       0.535090       0.447090        0.28832 193 Al
      0.624570       0.035090       0.447090        0.28805 337 Al
      0.873090       0.696480       0.963290        0.28401 110 Al
      0.373090       0.196480       0.963290        0.28130 542 Al
      0.876910       0.053520       0.963290        0.30161  98 Al
      0.376910       0.553520       0.963290        0.29907 530 Al
      0.873090       0.553520       0.286710        0.31559 260 Al
      0.373090       0.053520       0.286710        0.31248 404 Al
      0.126910       0.803520       0.536710        0.31123 182 Al
      0.626910       0.303520       0.536710        0.30737 326 Al
      0.126910       0.446480       0.713290        0.30400 188 Al
      0.626910       0.946480       0.713290        0.30448 332 Al
      0.124570       0.035090       0.947090        0.30130  49 Al
      0.624570       0.535090       0.947090        0.30142 481 Al
      0.124570       0.214910       0.302910        0.30130  61 Al
      0.624570       0.714910       0.302910        0.30270 493 Al
      0.946480       0.713290       0.626910        0.30035 164 Al
      0.446480       0.213290       0.626910        0.29873 308 Al
      0.303520       0.713290       0.623090        0.29814 152 Al
      0.803520       0.213290       0.623090        0.29716 296 Al
      0.963290       0.373090       0.196480        0.29539 278 Al
      0.463290       0.873090       0.196480        0.29703 422 Al
      0.463290       0.376910       0.053520        0.29592 554 Al
      0.963290       0.876910       0.053520        0.31939 122 Al
      0.196480       0.286710       0.876910        0.31732 512 Al
      0.696480       0.786710       0.876910        0.32718  80 Al
      0.052910       0.375430       0.464910        0.32579 217 Al
      0.552910       0.875430       0.464910        0.32527 361 Al
      0.696480       0.286710       0.376910        0.32347 224 Al
      0.196480       0.786710       0.376910        0.32256 368 Al
      0.552910       0.374570       0.785090        0.32154 523 Al
      0.052910       0.874570       0.785090        0.32210  91 Al
      0.303520       0.036710       0.126910        0.32072  14 Al
      0.803520       0.536710       0.126910        0.32179 446 Al
      0.946480       0.036710       0.123090        0.32088   2 Al
      0.446480       0.536710       0.123090        0.32075 434 Al
      0.376910       0.196480       0.786710        0.32608 536 Al
      0.876910       0.696480       0.786710        0.32751 104 Al
      0.873090       0.196480       0.463290        0.32653 254 Al
      0.373090       0.696480       0.463290        0.32546 398 Al
      0.196480       0.463290       0.873090        0.32465 518 Al
      0.696480       0.963290       0.873090        0.33081  86 Al
      0.696480       0.463290       0.373090        0.32966 230 Al
      0.196480       0.963290       0.373090        0.32889 374 Al
      0.303520       0.213290       0.123090        0.32808   8 Al
      0.803520       0.713290       0.123090        0.34320 440 Al
      0.946480       0.213290       0.126910        0.34196  20 Al
      0.446480       0.713290       0.126910        0.34232 452 Al
      0.786710       0.873090       0.053520        0.34259 140 Al
      0.286710       0.373090       0.053520        0.34178 572 Al
      0.286710       0.876910       0.196480   634920.81250 416 Al
      0.786710       0.376910       0.196480   625000.18750 272 Al
      0.873090       0.053520       0.786710   615384.81250 116 Al
      0.786710       0.876910       0.696480   610868.37500 128 Al
      0.946480       0.536710       0.623090   606339.06250 146 Al
      0.446480       0.036710       0.623090   601803.93750 290 Al
      0.303520       0.536710       0.626910   597269.43750 158 Al
      0.036710       0.623090       0.446480   592741.50000 194 Al
      0.213290       0.623090       0.803520   588225.06250 200 Al
      0.786710       0.373090       0.553520   583724.62500 284 Al
      0.536710       0.123090       0.446480   579244.18750 338 Al
      0.036710       0.626910       0.803520   574787.18750 206 Al
      0.036710       0.123090       0.946480   570356.68750  50 Al
      0.536710       0.126910       0.803520   565955.50000 350 Al
      0.286710       0.873090       0.553520   561585.81250 428 Al
      0.803520       0.036710       0.626910   557249.81250 302 Al
      0.464910       0.552910       0.875430   552949.25000 529 Al
      0.052910       0.374570       0.285090   548685.56250 235 Al
      0.286710       0.376910       0.696480   544460.12500 560 Al
      0.123090       0.946480       0.036710   540274.06250  26 Al
      0.552910       0.874570       0.285090   536128.31250 379 Al
      0.876910       0.553520       0.463290   532023.62500 242 Al
      0.376910       0.053520       0.463290   527960.62500 386 Al
      0.213290       0.123090       0.303520   523939.81250  56 Al
==============================================
MonteCarlo: Metropolis with identity changes
Si > Al, Al > Si. STOP when occurrence <    0.00000
==============================================
Cost_function     Occurrence %     Scan-Cost
    41039.7031        0.000087  41038.882812
    35567.7422        0.000036  35567.351562
    10943.9434        0.000081  10943.650391
     8207.9658        0.000051   8207.142578
     5472.0908        0.000039   5471.352539
        0.1659        0.000027     -0.280747
        0.1659        0.000003     -0.007095
        0.1659        0.000003     -0.487867
        0.1659        0.000006      0.087549
        0.1658        0.000006     -0.256469
        0.1658        0.000003     -0.418559
        0.1658        0.000000     -0.097222
        0.1658        0.000003     -0.105656
        0.1658        0.000003     -0.451935
        0.1658        0.000009     -0.647675
        0.1658        0.000000     -0.082294
        0.1658        0.000003      0.052138
        0.1658        0.000003     -0.089971
        0.1658        0.000006     -0.695499
        0.1658        0.000006      0.089496
        0.1658        0.000000     -0.539096
        0.1658        0.000000     -0.327934
        0.1658        0.000000     -0.531645
        0.1658        0.000009      0.014557
        0.1658        0.000006      0.081839
        0.1658        0.000000     -0.280029
        0.1658        0.000006     -0.763493
        0.1658        0.000000     -0.463276
        0.1658        0.000003     -0.103217
        0.1658        0.000006     -0.733475
        0.1658        0.000003     -0.765666
        0.1658        0.000003     -0.225979
        0.1658        0.000006     -0.236784
        0.1658        0.000006     -0.630480
        0.1658        0.000003     -0.553108
        0.1658        0.000003     -0.808852
        0.1658        0.000006     -0.710335
        0.1658        0.000006     -0.519522
        0.1658        0.000018     -0.583547
        0.1658        0.000003     -0.165861
        0.1658        0.000006      0.163715
        0.1658        0.000003     -0.307208
        0.1658        0.000003     -0.640734
        0.1658        0.000003     -0.551525
        0.1658        0.000003     -0.367786
        0.1658        0.000012     -0.316270
        0.1658        0.000006      0.097648
        0.1658        0.000000      0.125243
        0.1658        0.000003      0.036561
        0.1658        0.000003     -0.831998
        0.1658        0.000009     -0.763468
==============================================
geometrical properties of  86 Al:
 distancia media y dispersion
   12.1539660       3.51124716    
 distancia minima media y dispersion
   4.40377140      0.198023185    
 STOP   12.1539660       4.40377140      0.165826902    
