Random Seed:   873204476
Number of atoms:   576
Space Group:    1
Cell:
    25.0279999    25.0279999    25.0279999    90.0000000    90.0000000    90.0000000
Box:
    25.0279999     0.0000000     0.0000000
     0.0000000    25.0279999     0.0000000
     0.0000000     0.0000000    25.0279999
----------------------------------------
Inverse Box:
     0.0399553     0.0000000     0.0000000
     0.0000000     0.0399553     0.0000000
     0.0000000     0.0000000     0.0399553
----------------------------------------
[loops] Connectivity between nodes [Degree]:
442222442222442222442222442222442222442222442222442222442222442222442222442222442222442222442222442222442222442222442222442222442222442222442222442222442222442222442222442222442222442222442222442222442222442222442222442222442222442222442222442222442222442222442222442222442222442222442222442222442222442222442222442222442222442222442222442222442222442222442222442222442222442222442222442222442222442222442222442222442222442222442222442222442222442222442222442222442222442222442222442222442222442222442222442222442222442222442222442222442222442222442222442222442222442222442222
Repulsive substitution with cost-function:
cost = 1/(s - p0),  p0 = 3.40 10^-10 m, if s >= p0
cost =   10000000.000 if s <  p0
     Crystalographic positions                  Cost     Label
      0.624570       0.714910       0.302910        0.00000
      0.696480       0.786710       0.876910            NaN  80 Al
      0.124570       0.214910       0.302910        0.19327  61 Al
      0.197090       0.375430       0.785090        0.18488 517 Al
      0.625430       0.214910       0.447090        0.21712 355 Al
      0.125430       0.714910       0.447090        0.21557 211 Al
      0.553520       0.286710       0.873090        0.21327 524 Al
      0.052910       0.875430       0.964910        0.22737  73 Al
      0.786710       0.376910       0.196480        0.22500 272 Al
      0.463290       0.876910       0.553520        0.22964 410 Al
      0.302910       0.125430       0.035090        0.22804   7 Al
      0.947090       0.625430       0.714910        0.25157 163 Al
      0.447090       0.624570       0.035090        0.25057 433 Al
      0.802910       0.124570       0.714910        0.26002 301 Al
      0.963290       0.376910       0.553520        0.25641 266 Al
      0.286710       0.876910       0.196480        0.25562 416 Al
      0.947090       0.124570       0.035090        0.25528   1 Al
      0.302910       0.624570       0.714910        0.25722 157 Al
      0.446480       0.213290       0.626910        0.25841 308 Al
      0.803520       0.713290       0.123090        0.25868 440 Al
      0.963290       0.873090       0.696480        0.25712 134 Al
      0.286710       0.373090       0.053520        0.25563 572 Al
      0.464910       0.052910       0.375430   434782.87500 385 Al
      0.785090       0.552910       0.374570   416666.93750 259 Al
      0.876910       0.196480       0.286710   400000.25000 248 Al
      0.373090       0.696480       0.463290   384615.62500 398 Al
      0.625430       0.035090       0.802910   370370.62500 343 Al
      0.624570       0.535090       0.947090   357143.09375 481 Al
      0.053520       0.463290       0.376910   344827.84375 218 Al
      0.196480       0.963290       0.373090   333333.59375 374 Al
      0.125430       0.214910       0.947090   322580.90625  67 Al
      0.124570       0.714910       0.802910   312500.21875 205 Al
      0.714910       0.302910       0.624570   303030.53125 325 Al
      0.535090       0.802910       0.125430   294117.87500 463 Al
      0.714910       0.947090       0.625430   285714.50000 331 Al
      0.535090       0.447090       0.124570   277778.00000 457 Al
      0.035090       0.302910       0.125430   270270.50000  31 Al
      0.214910       0.802910       0.624570   263158.12500 181 Al
      0.875430       0.964910       0.052910   256410.50000 121 Al
      0.374570       0.464910       0.697090   250000.25000 559 Al
      0.302910       0.124570       0.214910   243902.67188  13 Al
      0.947090       0.624570       0.535090   238095.48438 145 Al
      0.873090       0.696480       0.963290   232558.39062 110 Al
      0.376910       0.196480       0.786710   227272.98438 536 Al
      0.873090       0.196480       0.463290   222222.46875 254 Al
      0.376910       0.696480       0.286710   217391.54688 392 Al
      0.285090       0.552910       0.874570   212766.20312 547 Al
      0.964910       0.052910       0.875430   208333.57812  97 Al
      0.624570       0.035090       0.447090   204081.87500 337 Al
      0.625430       0.535090       0.302910   200000.21875 487 Al
      0.123090       0.446480       0.536710   196078.65625 170 Al
      0.126910       0.946480       0.213290   192307.90625  44 Al
      0.446480       0.036710       0.623090   188679.46875 290 Al
      0.803520       0.536710       0.126910   185185.40625 446 Al
      0.552910       0.874570       0.285090   181818.40625 379 Al
      0.697090       0.374570       0.464910   178571.64062 223 Al
      0.785090       0.052910       0.874570   175438.81250 115 Al
      0.464910       0.552910       0.875430   172414.01562 529 Al
      0.124570       0.035090       0.947090   169491.75000  49 Al
      0.125430       0.535090       0.802910   166666.89062 199 Al
      0.036710       0.126910       0.303520   163934.64062  62 Al
      0.697090       0.874570       0.964910   166754.92188  79 Al
      0.552910       0.374570       0.785090   169306.67188 523 Al
      0.213290       0.626910       0.446480   171611.06250 212 Al
      0.697090       0.875430       0.785090   173687.50000  85 Al
      0.876910       0.696480       0.786710   175553.68750 104 Al
      0.053520       0.286710       0.373090   177225.84375 236 Al
      0.196480       0.786710       0.376910   178718.78125 368 Al
      0.697090       0.375430       0.285090   180046.12500 229 Al
      0.625430       0.714910       0.947090   181220.39062 499 Al
      0.373090       0.196480       0.963290   182253.01562 542 Al
      0.875430       0.464910       0.552910   322043.40625 265 Al
      0.624570       0.214910       0.802910   320921.00000 349 Al
      0.552910       0.875430       0.464910   319737.59375 361 Al
      0.374570       0.964910       0.197090   318499.34375 415 Al
      0.214910       0.302910       0.124570   317212.00000  37 Al
      0.874570       0.964910       0.697090   315880.71875 127 Al
      0.035090       0.802910       0.625430   314510.12500 175 Al
      0.552910       0.375430       0.964910   313104.71875 505 Al
      0.873090       0.553520       0.286710   311668.37500 260 Al
      0.376910       0.053520       0.463290   310204.81250 386 Al
      0.535090       0.302910       0.625430   308717.34375 319 Al
      0.714910       0.802910       0.124570   307209.03125 469 Al
      0.375430       0.464910       0.052910   305682.71875 553 Al
      0.963290       0.373090       0.196480   304141.06250 278 Al
      0.052910       0.874570       0.785090   302586.25000  91 Al
==============================================
MonteCarlo: Metropolis with identity changes
Si > Al, Al > Si. STOP when occurrence <    0.00000
==============================================
Cost_function     Occurrence %     Scan-Cost
    54719.5625        0.000087  54719.113281
    35567.7188        0.000096  35567.101562
    27359.7832        0.000078  27359.552734
    19151.8496        0.000045  19151.623047
    13679.9014        0.000036  13679.393555
    10943.9238        0.000027  10943.885742
     5471.9858        0.000018   5471.430176
     5471.9673        0.000003   5471.275391
     5471.9668        0.000012   5471.150879
     5471.9609        0.000006   5471.905273
     5471.9609        0.000021   5471.022949
     2736.0100        0.000003   2735.852051
     2736.0100        0.000006   2735.828613
     2736.0098        0.000021   2735.230225
     2736.0098        0.000033   2735.841553
     2736.0098        0.000012   2735.304199
        0.1649        0.000021     -0.530363
        0.1648        0.000003     -0.253129
        0.1648        0.000000     -0.766374
        0.1648        0.000000     -0.350042
        0.1648        0.000003     -0.171374
        0.1648        0.000003      0.122102
        0.1649        0.000003     -0.347546
        0.1648        0.000009     -0.757462
        0.1648        0.000000     -0.182457
        0.1648        0.000003     -0.630792
        0.1648        0.000000     -0.696730
        0.1648        0.000000     -0.774615
        0.1648        0.000003      0.072236
        0.1648        0.000012     -0.202815
        0.1648        0.000000     -0.746117
        0.1648        0.000003     -0.456958
        0.1648        0.000000     -0.663537
        0.1648        0.000000     -0.147725
        0.1648        0.000000     -0.441096
        0.1649        0.000006     -0.121882
        0.1648        0.000009     -0.430820
        0.1648        0.000000     -0.399508
        0.1648        0.000003     -0.013348
        0.1648        0.000000     -0.033338
        0.1648        0.000000     -0.107131
        0.1648        0.000003     -0.170587
        0.1648        0.000012     -0.313097
        0.1648        0.000000     -0.395261
        0.1648        0.000003     -0.600569
        0.1648        0.000000     -0.299577
        0.1648        0.000000     -0.816434
        0.1648        0.000003     -0.000079
        0.1649        0.000003     -0.392507
        0.1648        0.000009      0.104228
        0.1648        0.000000      0.145657
==============================================
geometrical properties of  86 Al:
 distancia media y dispersion
   12.1430483       3.50469232    
 distancia minima media y dispersion
   4.40143871       8.40070844E-03
 STOP   12.1430483       4.40143871      0.164835602    
