Random Seed:   979295558
Number of atoms:   576
Space Group:    1
Cell:
    25.0279999    25.0279999    25.0279999    90.0000000    90.0000000    90.0000000
Box:
    25.0279999     0.0000000     0.0000000
     0.0000000    25.0279999     0.0000000
     0.0000000     0.0000000    25.0279999
----------------------------------------
Inverse Box:
     0.0399553     0.0000000     0.0000000
     0.0000000     0.0399553     0.0000000
     0.0000000     0.0000000     0.0399553
----------------------------------------
[loops] Connectivity between nodes [Degree]:
442222442222442222442222442222442222442222442222442222442222442222442222442222442222442222442222442222442222442222442222442222442222442222442222442222442222442222442222442222442222442222442222442222442222442222442222442222442222442222442222442222442222442222442222442222442222442222442222442222442222442222442222442222442222442222442222442222442222442222442222442222442222442222442222442222442222442222442222442222442222442222442222442222442222442222442222442222442222442222442222442222442222442222442222442222442222442222442222442222442222442222442222442222442222442222442222
Repulsive substitution with cost-function:
cost = 1/(s - p0),  p0 = 3.40 10^-10 m, if s >= p0
cost =   10000000.000 if s <  p0
     Crystalographic positions                  Cost     Label
      0.302910       0.624570       0.714910        0.00000
      0.123090       0.946480       0.036710            NaN  26 Al
      0.802910       0.125430       0.535090        0.20098 295 Al
      0.626910       0.446480       0.213290        0.17060 476 Al
      0.376910       0.053520       0.463290        0.18647 386 Al
      0.785090       0.697090       0.875430        0.19694 109 Al
      0.053520       0.463290       0.376910        0.19736 218 Al
      0.464910       0.197090       0.874570        0.20585 535 Al
      0.623090       0.803520       0.213290        0.22200 464 Al
      0.126910       0.303520       0.036710        0.22278  38 Al
      0.126910       0.803520       0.536710        0.30671 182 Al
      0.785090       0.052910       0.874570        0.29886 115 Al
      0.535090       0.302910       0.625430        0.29338 319 Al
      0.447090       0.624570       0.035090        0.29136 433 Al
      0.946480       0.536710       0.623090        0.29807 146 Al
      0.036710       0.126910       0.303520        0.29382  62 Al
      0.464910       0.697090       0.374570        0.29245 391 Al
      0.626910       0.946480       0.713290        0.29064 332 Al
      0.197090       0.375430       0.785090        0.28775 517 Al
      0.374570       0.964910       0.197090        0.29439 415 Al
      0.874570       0.464910       0.197090        0.29359 271 Al
      0.052910       0.874570       0.785090        0.29246  91 Al
      0.553520       0.463290       0.876910        0.28952 506 Al
      0.696480       0.286710       0.376910        0.29222 224 Al
      0.874570       0.785090       0.052910        0.29065 139 Al
      0.303520       0.213290       0.123090        0.28878   8 Al
      0.197090       0.875430       0.285090        0.32160 373 Al
      0.947090       0.124570       0.035090        0.31932   1 Al
      0.552910       0.875430       0.464910        0.31872 361 Al
      0.036710       0.626910       0.803520        0.31567 206 Al
      0.785090       0.552910       0.374570        0.31480 259 Al
      0.213290       0.626910       0.446480        0.31239 212 Al
      0.786710       0.373090       0.553520        0.31133 284 Al
      0.463290       0.376910       0.053520        0.30910 554 Al
      0.874570       0.964910       0.697090        0.33298 127 Al
      0.697090       0.874570       0.964910        0.33023  79 Al
      0.213290       0.126910       0.946480        0.32799  68 Al
      0.374570       0.785090       0.552910        0.33114 427 Al
      0.447090       0.125430       0.714910        0.32887 307 Al
      0.875430       0.285090       0.197090        0.32826 277 Al
      0.214910       0.447090       0.625430        0.32760 187 Al
      0.536710       0.123090       0.446480        0.32701 338 Al
      0.285090       0.552910       0.874570        0.32591 547 Al
      0.213290       0.123090       0.303520        0.33021  56 Al
      0.875430       0.785090       0.697090        0.33075 133 Al
      0.375430       0.785090       0.197090        0.32899 421 Al
      0.624570       0.214910       0.802910        0.32843 349 Al
      0.802910       0.625430       0.035090        0.32796 439 Al
      0.123090       0.303520       0.213290        0.32694  32 Al
      0.963290       0.376910       0.553520        0.33179 266 Al
      0.875430       0.964910       0.052910        0.33059 121 Al
      0.036710       0.623090       0.446480        0.32961 194 Al
      0.625430       0.714910       0.947090        0.32895 499 Al
      0.375430       0.285090       0.697090        0.32844 565 Al
      0.447090       0.625430       0.214910        0.32890 451 Al
      0.964910       0.052910       0.875430        0.32996  97 Al
      0.802910       0.624570       0.214910        0.32952 445 Al
      0.802910       0.124570       0.714910        0.32882 301 Al
      0.286710       0.373090       0.053520        0.32797 572 Al
      0.623090       0.446480       0.036710   500000.21875 458 Al
      0.053520       0.286710       0.373090   491803.46875 236 Al
      0.374570       0.464910       0.697090   483871.21875 559 Al
      0.035090       0.947090       0.124570   476190.68750  25 Al
      0.873090       0.196480       0.463290   473870.43750 254 Al
      0.375430       0.964910       0.552910   471459.18750 409 Al
      0.625430       0.535090       0.302910   468968.62500 487 Al
      0.052910       0.875430       0.964910   466409.28125  73 Al
      0.214910       0.802910       0.624570   463790.71875 181 Al
      0.552910       0.874570       0.285090   461121.56250 379 Al
      0.303520       0.036710       0.126910   458409.46875  14 Al
      0.697090       0.875430       0.785090   455661.56250  85 Al
      0.626910       0.303520       0.536710   452884.00000 326 Al
      0.713290       0.126910       0.446480   450082.59375 356 Al
      0.197090       0.874570       0.464910   447262.37500 367 Al
      0.535090       0.802910       0.125430   444428.00000 463 Al
      0.373090       0.196480       0.963290   441583.75000 542 Al
      0.947090       0.125430       0.214910   568603.37500  19 Al
      0.623090       0.946480       0.536710   564085.12500 314 Al
      0.196480       0.286710       0.876910   559609.25000 512 Al
      0.964910       0.697090       0.874570   555176.93750 103 Al
      0.035090       0.802910       0.625430   550789.25000 175 Al
      0.125430       0.535090       0.802910   546446.87500 199 Al
      0.625430       0.035090       0.802910   542150.62500 343 Al
      0.302910       0.625430       0.535090   537900.81250 151 Al
      0.876910       0.553520       0.463290   533697.87500 242 Al
      0.714910       0.802910       0.124570   529542.06250 469 Al
==============================================
MonteCarlo: Metropolis with identity changes
Si > Al, Al > Si. STOP when occurrence <    0.00000
==============================================
Cost_function     Occurrence %     Scan-Cost
    35567.7266        0.000078  35567.363281
    30095.7676        0.000024  30095.490234
    27359.7949        0.000009  27359.666016
    27359.7949        0.000003  27359.615234
    27359.7949        0.000006  27359.113281
    27359.7949        0.000009  27359.179688
    27359.7949        0.000018  27359.357422
    27359.7949        0.000012  27359.664062
    24623.8164        0.000039  24623.474609
    24623.8164        0.000039  24623.292969
    21887.8398        0.000027  21887.654297
    21887.8398        0.000009  21887.796875
    19151.8613        0.000024  19151.421875
    19151.8613        0.000009  19150.972656
    19151.8613        0.000003  19151.410156
    19151.8594        0.000015  19150.878906
    19151.8574        0.000012  19151.265625
    16415.8770        0.000009  16415.072266
    16415.8770        0.000000  16415.531250
    16415.8770        0.000006  16415.062500
    16415.8770        0.000003  16414.945312
    10943.9189        0.000015  10943.691406
    10943.9189        0.000003  10943.274414
    10943.9189        0.000027  10943.013672
     8207.9424        0.000009   8207.743164
     8207.9424        0.000000   8207.590820
     8207.9424        0.000000   8207.346680
     8207.9424        0.000000   8207.838867
     5471.9780        0.000003   5471.371582
     5471.9780        0.000000   5471.213867
     5471.9780        0.000000   5471.586914
     5471.9780        0.000000   5471.582031
     5471.9780        0.000000   5471.861816
     5471.9780        0.000000   5471.398438
     5471.9780        0.000000   5470.994629
     5471.9780        0.000000   5471.374023
     5471.9780        0.000000   5471.396484
     5471.9780        0.000000   5471.641113
     5471.9780        0.000000   5471.531250
     5471.9780        0.000000   5471.796387
     5471.9780        0.000000   5471.250977
     5471.9780        0.000000   5471.165527
     5471.9780        0.000000   5471.674316
     5471.9780        0.000000   5471.088867
     5471.9780        0.000000   5471.483398
     5471.9780        0.000000   5471.809570
     5471.9780        0.000000   5471.466309
     5471.9780        0.000000   5471.306152
     5471.9780        0.000000   5471.418457
     5471.9780        0.000000   5471.225586
     5471.9780        0.000000   5471.244629
==============================================
geometrical properties of  86 Al:
 distancia media y dispersion
   12.1381884       3.50083923    
 distancia minima media y dispersion
   4.34313393      0.262893081    
 STOP   12.1381884       4.34313393       5471.97803    
