Random Seed:   865063485
Number of atoms:   576
Space Group:    1
Cell:
    25.0279999    25.0279999    25.0279999    90.0000000    90.0000000    90.0000000
Box:
    25.0279999     0.0000000     0.0000000
     0.0000000    25.0279999     0.0000000
     0.0000000     0.0000000    25.0279999
----------------------------------------
Inverse Box:
     0.0399553     0.0000000     0.0000000
     0.0000000     0.0399553     0.0000000
     0.0000000     0.0000000     0.0399553
----------------------------------------
[loops] Connectivity between nodes [Degree]:
442222442222442222442222442222442222442222442222442222442222442222442222442222442222442222442222442222442222442222442222442222442222442222442222442222442222442222442222442222442222442222442222442222442222442222442222442222442222442222442222442222442222442222442222442222442222442222442222442222442222442222442222442222442222442222442222442222442222442222442222442222442222442222442222442222442222442222442222442222442222442222442222442222442222442222442222442222442222442222442222442222442222442222442222442222442222442222442222442222442222442222442222442222442222442222442222
Repulsive substitution with cost-function:
cost = 1/(s - p0),  p0 = 3.40 10^-10 m, if s >= p0
cost =   10000000.000 if s <  p0
     Crystalographic positions                  Cost     Label
      0.875430       0.464910       0.552910        0.00000
      0.947090       0.625430       0.714910            NaN 163 Al
      0.374570       0.964910       0.197090        0.44568 415 Al
      0.375430       0.464910       0.052910        0.24843 553 Al
      0.875430       0.964910       0.052910  2000000.12500 121 Al
      0.446480       0.036710       0.623090  1666666.75000 290 Al
      0.874570       0.464910       0.197090  1428571.50000 271 Al
      0.374570       0.464910       0.697090  1250000.12500 559 Al
      0.874570       0.964910       0.697090  1111111.25000 127 Al
      0.373090       0.696480       0.463290  1000000.12500 398 Al
      0.036710       0.126910       0.303520   909091.06250  62 Al
      0.373090       0.196480       0.963290   833333.43750 542 Al
      0.625430       0.714910       0.947090   769230.93750 499 Al
      0.625430       0.214910       0.447090   714285.87500 355 Al
      0.624570       0.714910       0.302910   666666.87500 493 Al
      0.124570       0.035090       0.947090   625000.12500  49 Al
      0.124570       0.535090       0.447090   588235.43750 193 Al
      0.624570       0.214910       0.802910   555555.68750 349 Al
      0.197090       0.874570       0.464910   526315.93750 367 Al
      0.126910       0.303520       0.036710   500000.15625  38 Al
      0.873090       0.696480       0.963290   476190.68750 110 Al
      0.626910       0.446480       0.213290   454545.65625 476 Al
      0.213290       0.623090       0.803520   434782.78125 200 Al
      0.873090       0.196480       0.463290   416666.84375 254 Al
      0.553520       0.963290       0.376910   400000.18750 362 Al
      0.696480       0.963290       0.873090   384615.56250  86 Al
      0.553520       0.463290       0.876910   370370.56250 506 Al
      0.126910       0.946480       0.213290   357143.03125  44 Al
      0.123090       0.803520       0.713290   344827.78125 176 Al
      0.446480       0.713290       0.126910   333333.53125 452 Al
      0.197090       0.375430       0.785090   322580.84375 517 Al
      0.052910       0.374570       0.285090   312500.15625 235 Al
      0.535090       0.302910       0.625430   303030.46875 319 Al
      0.785090       0.552910       0.374570   294117.81250 259 Al
      0.285090       0.052910       0.374570   285714.43750 403 Al
      0.946480       0.213290       0.126910   277777.93750  20 Al
      0.714910       0.947090       0.625430   270270.43750 331 Al
      0.714910       0.802910       0.124570   263158.06250 469 Al
      0.052910       0.875430       0.964910   256410.45312  73 Al
      0.803520       0.213290       0.623090   250000.18750 296 Al
      0.376910       0.196480       0.786710   243902.62500 536 Al
      0.303520       0.713290       0.623090   238095.42188 152 Al
      0.303520       0.213290       0.123090   232558.32812   8 Al
      0.035090       0.447090       0.624570   227272.92188 169 Al
      0.463290       0.876910       0.553520   222222.40625 410 Al
      0.623090       0.446480       0.036710   217391.48438 458 Al
      0.964910       0.052910       0.875430   212766.14062  97 Al
      0.125430       0.714910       0.447090   208333.51562 211 Al
      0.697090       0.374570       0.464910   204081.82812 223 Al
      0.376910       0.696480       0.286710   200000.20312 392 Al
      0.875430       0.785090       0.697090   196078.64062 133 Al
      0.802910       0.624570       0.214910   192307.89062 445 Al
      0.876910       0.196480       0.286710   188679.45312 248 Al
      0.214910       0.447090       0.625430   185185.39062 187 Al
      0.947090       0.624570       0.535090   181818.39062 145 Al
      0.052910       0.375430       0.464910   178571.62500 217 Al
      0.964910       0.552910       0.375430   175438.79688 241 Al
      0.376910       0.553520       0.963290   172414.00000 530 Al
      0.303520       0.036710       0.126910   175541.35938  14 Al
      0.124570       0.214910       0.302910   178355.82812  61 Al
      0.946480       0.036710       0.123090   180883.64062   2 Al
      0.447090       0.124570       0.535090   183148.31250 289 Al
      0.036710       0.626910       0.803520   185171.25000 206 Al
      0.463290       0.873090       0.196480   186972.00000 422 Al
      0.463290       0.376910       0.053520   188568.42188 554 Al
      0.786710       0.376910       0.196480   189976.75000 272 Al
      0.713290       0.626910       0.946480   191211.82812 500 Al
      0.125430       0.214910       0.947090   192287.28125  67 Al
      0.696480       0.786710       0.876910   193215.56250  80 Al
      0.785090       0.052910       0.874570   194008.09375 115 Al
      0.713290       0.126910       0.446480   194675.35938 356 Al
      0.536710       0.126910       0.803520   195226.96875 350 Al
      0.553520       0.786710       0.373090   195671.78125 380 Al
      0.286710       0.876910       0.196480   196017.98438 416 Al
      0.446480       0.536710       0.123090   196273.03125 434 Al
      0.373090       0.553520       0.786710   196443.87500 548 Al
      0.536710       0.626910       0.303520   196536.89062 494 Al
      0.052910       0.874570       0.785090   196557.90625  91 Al
      0.874570       0.785090       0.052910   196512.43750 139 Al
      0.464910       0.052910       0.375430   196405.46875 385 Al
      0.197090       0.374570       0.964910   196241.68750 511 Al
      0.286710       0.873090       0.553520   317976.59375 428 Al
      0.802910       0.124570       0.714910   316242.46875 301 Al
      0.553520       0.286710       0.873090   314498.50000 524 Al
      0.536710       0.623090       0.946480   312746.84375 482 Al
      0.035090       0.802910       0.625430   310989.59375 175 Al
==============================================
MonteCarlo: Metropolis with identity changes
Si > Al, Al > Si. STOP when occurrence <    0.00000
==============================================
Cost_function     Occurrence %     Scan-Cost
    57455.5391        0.000121  57455.371094
    43775.6484        0.000051  43774.972656
    35567.7227        0.000036  35567.656250
    32831.7578        0.000021  32831.593750
    30095.7812        0.000015  30095.552734
    30095.7637        0.000012  30095.031250
    30095.7637        0.000009  30095.697266
    24623.8105        0.000024  24623.416016
    21887.8301        0.000012  21887.339844
    19151.8652        0.000009  19151.750000
    19151.8652        0.000009  19150.931641
    19151.8594        0.000024  19151.820312
    19151.8594        0.000027  19150.912109
    19151.8594        0.000009  19151.853516
    19151.8594        0.000027  19151.763672
    19151.8594        0.000006  19151.708984
    16415.8867        0.000015  16415.587891
    16415.8828        0.000006  16415.779297
    16415.8809        0.000009  16415.671875
    16415.8809        0.000006  16415.400391
    16415.8809        0.000000  16415.132812
    16415.8809        0.000018  16415.800781
    16415.8809        0.000006  16415.267578
    16415.8809        0.000009  16415.062500
    16415.8809        0.000003  16415.322266
    16415.8809        0.000003  16415.835938
    16415.8809        0.000000  16415.591797
    16415.8809        0.000009  16415.056641
    16415.8809        0.000006  16415.332031
    16415.8809        0.000006  16415.556641
    16415.8809        0.000003  16415.185547
    16415.8750        0.000009  16415.447266
    16415.8750        0.000000  16415.369141
    16415.8750        0.000012  16415.791016
    16415.8750        0.000006  16415.554688
    16415.8750        0.000009  16415.492188
    16415.8750        0.000009  16415.226562
    16415.8750        0.000009  16415.417969
    16415.8750        0.000015  16415.472656
    16415.8750        0.000003  16415.716797
    16415.8750        0.000006  16415.316406
    16415.8750        0.000006  16415.087891
    16415.8750        0.000003  16415.554688
    16415.8750        0.000009  16415.146484
    16415.8750        0.000000  16415.021484
    16415.8750        0.000003  16414.951172
    16415.8750        0.000003  16414.988281
    16415.8750        0.000003  16415.755859
    16415.8750        0.000003  16415.851562
    16415.8750        0.000006  16414.929688
    16415.8750        0.000006  16415.789062
==============================================
geometrical properties of  86 Al:
 distancia media y dispersion
   12.1487980       3.48605394    
 distancia minima media y dispersion
   4.22055292      0.439808875    
 STOP   12.1487980       4.22055292       16415.8750    
