Random Seed:  1043543772
Number of atoms:   576
Space Group:    1
Cell:
    25.0279999    25.0279999    25.0279999    90.0000000    90.0000000    90.0000000
Box:
    25.0279999     0.0000000     0.0000000
     0.0000000    25.0279999     0.0000000
     0.0000000     0.0000000    25.0279999
----------------------------------------
Inverse Box:
     0.0399553     0.0000000     0.0000000
     0.0000000     0.0399553     0.0000000
     0.0000000     0.0000000     0.0399553
----------------------------------------
[loops] Connectivity between nodes [Degree]:
442222442222442222442222442222442222442222442222442222442222442222442222442222442222442222442222442222442222442222442222442222442222442222442222442222442222442222442222442222442222442222442222442222442222442222442222442222442222442222442222442222442222442222442222442222442222442222442222442222442222442222442222442222442222442222442222442222442222442222442222442222442222442222442222442222442222442222442222442222442222442222442222442222442222442222442222442222442222442222442222442222442222442222442222442222442222442222442222442222442222442222442222442222442222442222442222
Repulsive substitution with cost-function:
cost = 1/(s - p0),  p0 = 3.40 10^-10 m, if s >= p0
cost =   10000000.000 if s <  p0
     Crystalographic positions                  Cost     Label
      0.874570       0.464910       0.197090        0.00000
      0.035090       0.802910       0.625430            NaN 175 Al
      0.375430       0.285090       0.697090        0.16081 565 Al
      0.374570       0.964910       0.197090        0.17494 415 Al
      0.875430       0.964910       0.052910        0.18295 121 Al
      0.375430       0.464910       0.052910        0.18764 553 Al
      0.874570       0.285090       0.552910  1428571.62500 283 Al
      0.374570       0.785090       0.552910  1250000.25000 427 Al
      0.626910       0.946480       0.713290  1111111.37500 332 Al
      0.126910       0.303520       0.036710  1000000.18750  38 Al
      0.624570       0.714910       0.302910   909091.18750 493 Al
      0.123090       0.446480       0.536710   833333.56250 170 Al
      0.713290       0.626910       0.946480   769231.00000 500 Al
      0.625430       0.214910       0.447090   714285.93750 355 Al
      0.123090       0.946480       0.036710   666666.93750  26 Al
      0.624570       0.214910       0.802910   625000.25000 349 Al
      0.213290       0.623090       0.803520   588235.56250 200 Al
      0.036710       0.126910       0.303520   555555.81250  62 Al
      0.196480       0.786710       0.376910   526316.00000 368 Al
      0.626910       0.446480       0.213290   500000.21875 476 Al
      0.873090       0.053520       0.786710   476190.68750 116 Al
      0.876910       0.553520       0.463290   454545.65625 242 Al
      0.376910       0.053520       0.463290   434782.78125 386 Al
      0.373090       0.196480       0.963290   416666.84375 542 Al
      0.876910       0.696480       0.786710   400000.21875 104 Al
      0.446480       0.713290       0.126910   384615.59375 452 Al
      0.553520       0.463290       0.876910   370370.59375 506 Al
      0.052910       0.374570       0.285090   357143.06250 235 Al
      0.553520       0.963290       0.376910   344827.81250 362 Al
      0.697090       0.874570       0.964910   333333.56250  79 Al
      0.197090       0.375430       0.785090   322580.87500 517 Al
      0.053520       0.786710       0.873090   312500.18750  92 Al
      0.946480       0.213290       0.126910   303030.50000  20 Al
      0.303520       0.536710       0.626910   294117.84375 158 Al
      0.803520       0.713290       0.123090   285714.46875 440 Al
      0.802910       0.125430       0.535090   277777.96875 295 Al
      0.302910       0.124570       0.214910   270270.46875  13 Al
      0.036710       0.123090       0.946480   263158.06250  50 Al
      0.376910       0.696480       0.286710   256410.45312 392 Al
      0.697090       0.374570       0.464910   250000.20312 223 Al
      0.446480       0.036710       0.623090   243902.64062 290 Al
      0.036710       0.623090       0.446480   238095.43750 194 Al
      0.786710       0.876910       0.696480   232558.34375 128 Al
      0.196480       0.963290       0.373090   227272.92188 374 Al
      0.535090       0.302910       0.625430   222222.40625 319 Al
      0.946480       0.536710       0.623090   217391.48438 146 Al
      0.623090       0.446480       0.036710   212766.14062 458 Al
      0.214910       0.802910       0.624570   208333.51562 181 Al
      0.876910       0.196480       0.286710   204081.82812 248 Al
      0.373090       0.553520       0.786710   200000.20312 548 Al
      0.213290       0.126910       0.946480   196078.64062  68 Al
      0.623090       0.946480       0.536710   192307.89062 314 Al
      0.126910       0.946480       0.213290   188679.45312  44 Al
      0.536710       0.623090       0.946480   185185.39062 482 Al
      0.213290       0.626910       0.446480   181818.39062 212 Al
      0.873090       0.696480       0.963290   178571.62500 110 Al
      0.714910       0.302910       0.624570   175438.79688 325 Al
      0.053520       0.963290       0.876910   172414.00000  74 Al
      0.036710       0.626910       0.803520   169491.73438 206 Al
      0.873090       0.553520       0.286710   166666.87500 260 Al
      0.214910       0.302910       0.124570   169584.31250  37 Al
      0.376910       0.196480       0.786710   333509.68750 536 Al
      0.963290       0.876910       0.053520   333325.03125 122 Al
      0.963290       0.873090       0.696480   332981.37500 134 Al
      0.786710       0.376910       0.196480   332493.96875 272 Al
      0.286710       0.876910       0.196480   331876.53125 416 Al
      0.623090       0.803520       0.213290   331141.56250 464 Al
      0.446480       0.536710       0.123090   330300.43750 434 Al
      0.946480       0.036710       0.123090   329363.46875   2 Al
      0.124570       0.214910       0.302910   328340.06250  61 Al
      0.052910       0.375430       0.464910   327238.84375 217 Al
      0.625430       0.035090       0.802910   326067.56250 343 Al
      0.713290       0.623090       0.303520   324833.34375 488 Al
      0.696480       0.786710       0.876910   323542.78125  80 Al
      0.463290       0.376910       0.053520   322201.68750 554 Al
      0.876910       0.053520       0.963290   320815.59375  98 Al
      0.373090       0.696480       0.463290   319389.43750 398 Al
      0.197090       0.374570       0.964910   317927.75000 511 Al
      0.802910       0.124570       0.714910   443016.93750 301 Al
      0.463290       0.876910       0.553520   439914.06250 410 Al
      0.946480       0.713290       0.626910   436826.12500 164 Al
      0.126910       0.446480       0.713290   433754.93750 188 Al
      0.536710       0.123090       0.446480   430702.09375 338 Al
      0.463290       0.873090       0.196480   427668.90625 422 Al
      0.553520       0.286710       0.873090   424656.68750 524 Al
      0.553520       0.786710       0.373090   421666.37500 380 Al
==============================================
MonteCarlo: Metropolis with identity changes
Si > Al, Al > Si. STOP when occurrence <    0.00000
==============================================
Cost_function     Occurrence %     Scan-Cost
    38303.6953        0.000181  38303.363281
     8208.0488        0.000112   8207.485352
     8208.0449        0.000039   8207.736328
     5472.0688        0.000015   5471.802734
     2736.0200        0.000018   2735.959473
     2736.0168        0.000024   2735.746094
        0.1663        0.000003     -0.348391
        0.1663        0.000003     -0.633935
        0.1663        0.000003     -0.727132
        0.1663        0.000000     -0.383201
        0.1663        0.000000     -0.283679
        0.1663        0.000000      0.050584
        0.1663        0.000003     -0.106221
        0.1663        0.000003     -0.221504
        0.1663        0.000000     -0.720574
        0.1663        0.000000     -0.690319
        0.1663        0.000003     -0.770716
        0.1663        0.000000     -0.568006
        0.1663        0.000000     -0.220452
        0.1663        0.000000     -0.403156
        0.1663        0.000003     -0.684473
        0.1663        0.000000     -0.752678
        0.1663        0.000003     -0.631909
        0.1663        0.000000      0.038897
        0.1663        0.000000     -0.242240
        0.1663        0.000000     -0.393940
        0.1663        0.000003     -0.242559
        0.1663        0.000000     -0.380875
        0.1663        0.000000     -0.214742
        0.1663        0.000003     -0.521812
        0.1663        0.000000     -0.147569
        0.1663        0.000000     -0.545660
        0.1663        0.000000     -0.085287
        0.1663        0.000003     -0.035632
        0.1663        0.000000     -0.135826
        0.1663        0.000003     -0.419381
        0.1663        0.000000     -0.478974
        0.1663        0.000000     -0.811794
        0.1663        0.000000     -0.314380
        0.1663        0.000003     -0.140946
        0.1663        0.000000      0.092147
        0.1663        0.000003     -0.629341
        0.1663        0.000000     -0.462913
        0.1663        0.000000     -0.412430
        0.1663        0.000000     -0.219065
        0.1663        0.000003      0.159701
        0.1663        0.000000     -0.723012
        0.1663        0.000000     -0.828960
        0.1663        0.000003     -0.714894
        0.1663        0.000000     -0.551280
        0.1663        0.000000     -0.211269
==============================================
geometrical properties of  86 Al:
 distancia media y dispersion
   12.1254339       3.50634193    
 distancia minima media y dispersion
   4.39804935      0.114111654    
 STOP   12.1254339       4.39804935      0.166295052    
