Random Seed:  1482251133
Number of atoms:   576
Space Group:    1
Cell:
    25.0279999    25.0279999    25.0279999    90.0000000    90.0000000    90.0000000
Box:
    25.0279999     0.0000000     0.0000000
     0.0000000    25.0279999     0.0000000
     0.0000000     0.0000000    25.0279999
----------------------------------------
Inverse Box:
     0.0399553     0.0000000     0.0000000
     0.0000000     0.0399553     0.0000000
     0.0000000     0.0000000     0.0399553
----------------------------------------
[loops] Connectivity between nodes [Degree]:
442222442222442222442222442222442222442222442222442222442222442222442222442222442222442222442222442222442222442222442222442222442222442222442222442222442222442222442222442222442222442222442222442222442222442222442222442222442222442222442222442222442222442222442222442222442222442222442222442222442222442222442222442222442222442222442222442222442222442222442222442222442222442222442222442222442222442222442222442222442222442222442222442222442222442222442222442222442222442222442222442222442222442222442222442222442222442222442222442222442222442222442222442222442222442222442222
Repulsive substitution with cost-function:
cost = 1/(s - p0),  p0 = 3.40 10^-10 m, if s >= p0
cost =   10000000.000 if s <  p0
     Crystalographic positions                  Cost     Label
      0.447090       0.125430       0.714910        0.00000
      0.714910       0.447090       0.125430            NaN 475 Al
      0.126910       0.946480       0.213290        0.17494  44 Al
      0.946480       0.536710       0.623090        0.17635 146 Al
      0.874570       0.964910       0.697090        0.17736 127 Al
      0.373090       0.553520       0.786710        0.18321 548 Al
      0.552910       0.874570       0.285090        0.20317 379 Al
      0.214910       0.302910       0.124570        0.20220  37 Al
      0.697090       0.374570       0.464910  1111111.37500 223 Al
      0.874570       0.785090       0.052910  1000000.18750 139 Al
      0.286710       0.873090       0.553520   909091.12500 428 Al
      0.053520       0.286710       0.373090   833333.50000 236 Al
      0.447090       0.625430       0.214910   769230.93750 451 Al
      0.036710       0.123090       0.946480   714285.87500  50 Al
      0.553520       0.286710       0.873090   666666.87500 524 Al
      0.124570       0.714910       0.802910   625000.18750 205 Al
      0.623090       0.946480       0.536710   588235.50000 314 Al
      0.625430       0.714910       0.947090   555555.75000 499 Al
      0.213290       0.626910       0.446480   526316.00000 212 Al
      0.197090       0.375430       0.785090   500000.15625 517 Al
      0.373090       0.053520       0.286710   476190.62500 404 Al
      0.873090       0.553520       0.286710   454545.62500 260 Al
      0.803520       0.213290       0.623090   434782.75000 296 Al
      0.947090       0.125430       0.214910   416666.81250  19 Al
      0.696480       0.963290       0.873090   400000.15625  86 Al
      0.375430       0.464910       0.052910   384615.53125 553 Al
      0.876910       0.696480       0.786710   740740.87500 104 Al
      0.302910       0.125430       0.035090   714285.87500   7 Al
      0.536710       0.123090       0.446480   689655.37500 338 Al
      0.035090       0.802910       0.625430   666666.87500 175 Al
      0.463290       0.373090       0.696480   645161.50000 566 Al
      0.625430       0.535090       0.302910   625000.12500 487 Al
      0.052910       0.875430       0.964910   606060.75000  73 Al
      0.123090       0.446480       0.536710   588235.50000 170 Al
      0.785090       0.197090       0.375430   571428.75000 253 Al
      0.963290       0.373090       0.196480   555555.75000 278 Al
      0.375430       0.785090       0.197090   540540.75000 421 Al
      0.624570       0.535090       0.947090   526316.00000 481 Al
      0.373090       0.696480       0.463290   512820.65625 398 Al
      0.876910       0.053520       0.963290   500000.15625  98 Al
      0.196480       0.963290       0.373090   487805.03125 374 Al
      0.285090       0.197090       0.875430   476190.65625 541 Al
      0.714910       0.802910       0.124570   465116.46875 469 Al
      0.713290       0.123090       0.803520   454545.65625 344 Al
      0.036710       0.623090       0.446480   444444.59375 194 Al
      0.125430       0.535090       0.802910   434782.78125 199 Al
      0.463290       0.876910       0.553520   425532.09375 410 Al
      0.802910       0.625430       0.035090   416666.84375 439 Al
      0.303520       0.536710       0.626910   408163.40625 158 Al
      0.213290       0.123090       0.303520   400000.15625  56 Al
      0.626910       0.946480       0.713290   392157.03125 332 Al
      0.963290       0.376910       0.553520   384615.53125 266 Al
      0.447090       0.624570       0.035090   377358.65625 433 Al
      0.624570       0.714910       0.302910   370370.53125 493 Al
      0.197090       0.374570       0.964910   363636.53125 511 Al
      0.623090       0.303520       0.713290   535714.43750 320 Al
      0.697090       0.375430       0.285090   526315.87500 229 Al
      0.052910       0.874570       0.785090   517241.59375  91 Al
      0.376910       0.053520       0.463290   508474.75000 386 Al
      0.196480       0.786710       0.376910   500000.21875 368 Al
      0.535090       0.447090       0.124570   491803.46875 457 Al
      0.876910       0.553520       0.463290   483871.15625 242 Al
      0.374570       0.285090       0.052910   476190.62500 571 Al
      0.535090       0.802910       0.125430   625000.18750 463 Al
      0.303520       0.713290       0.623090   615384.81250 152 Al
      0.053520       0.463290       0.376910   606060.81250 218 Al
      0.214910       0.947090       0.125430   597015.18750  43 Al
      0.786710       0.876910       0.696480   592758.18750 128 Al
      0.446480       0.213290       0.626910   588489.81250 308 Al
      0.285090       0.552910       0.874570   584216.31250 547 Al
      0.035090       0.947090       0.124570   579943.50000  25 Al
      0.873090       0.053520       0.786710   575676.31250 116 Al
      0.626910       0.303520       0.536710   571419.43750 326 Al
      0.124570       0.035090       0.947090   567176.81250  49 Al
      0.536710       0.126910       0.803520   562952.00000 350 Al
      0.123090       0.303520       0.213290   558748.25000  32 Al
      0.802910       0.125430       0.535090   554568.25000 295 Al
      0.946480       0.213290       0.126910   550414.50000  20 Al
      0.553520       0.963290       0.376910   546289.18750 362 Al
      0.697090       0.874570       0.964910   542194.12500  79 Al
      0.802910       0.624570       0.214910   538130.93750 445 Al
      0.964910       0.197090       0.374570   534101.18750 247 Al
      0.552910       0.375430       0.964910   530106.00000 505 Al
      0.125430       0.214910       0.947090   526146.43750  67 Al
      0.446480       0.036710       0.623090   522223.37500 290 Al
      0.464910       0.552910       0.875430   518337.56250 529 Al
==============================================
MonteCarlo: Metropolis with identity changes
Si > Al, Al > Si. STOP when occurrence <    0.00000
==============================================
Cost_function     Occurrence %     Scan-Cost
    46511.6328        0.000063  46511.367188
    46511.6328        0.000048  46511.019531
    38303.6953        0.000054  38303.269531
    30095.7598        0.000033  30094.859375
    24623.8027        0.000021  24623.136719
    24623.8027        0.000009  24623.332031
    24623.8027        0.000012  24623.433594
    24623.8027        0.000015  24623.255859
    24623.8027        0.000009  24623.693359
    24623.8027        0.000012  24623.240234
    21887.8301        0.000027  21887.712891
    21887.8301        0.000027  21887.345703
    21887.8301        0.000009  21887.806641
    21887.8301        0.000015  21887.738281
    21887.8301        0.000012  21887.693359
    21887.8301        0.000000  21886.861328
    21887.8301        0.000006  21887.548828
    21887.8301        0.000012  21886.968750
    21887.8301        0.000003  21886.958984
    21887.8301        0.000009  21886.929688
    21887.8301        0.000000  21887.414062
    21887.8301        0.000009  21887.212891
    21887.8301        0.000006  21887.472656
    21887.8301        0.000018  21887.148438
    21887.8301        0.000012  21887.789062
    21887.8301        0.000003  21887.746094
    21887.8301        0.000018  21887.021484
    21887.8301        0.000009  21886.845703
    21887.8301        0.000006  21887.042969
    21887.8301        0.000012  21887.679688
    21887.8301        0.000012  21887.564453
    21887.8301        0.000009  21887.109375
    21887.8301        0.000018  21887.705078
    21887.8301        0.000015  21887.794922
    19151.8516        0.000012  19151.564453
    19151.8516        0.000006  19151.357422
    19151.8516        0.000021  19151.197266
    19151.8516        0.000003  19150.923828
    19151.8516        0.000006  19151.082031
    19151.8516        0.000009  19151.017578
    19151.8516        0.000006  19150.947266
    19151.8516        0.000003  19151.460938
    19151.8516        0.000006  19151.375000
    19151.8516        0.000012  19151.580078
    19151.8516        0.000003  19151.837891
    19151.8516        0.000000  19151.091797
    19151.8516        0.000018  19150.882812
    19151.8516        0.000006  19151.833984
    19151.8516        0.000015  19151.267578
    19151.8516        0.000012  19151.681641
    19151.8516        0.000003  19151.458984
==============================================
geometrical properties of  86 Al:
 distancia media y dispersion
   12.1475286       3.48649836    
 distancia minima media y dispersion
   4.19426823      0.448328346    
 STOP   12.1475286       4.19426823       19151.8516    
