Random Seed:  1060892648
Number of atoms:   576
Space Group:    1
Cell:
    25.0279999    25.0279999    25.0279999    90.0000000    90.0000000    90.0000000
Box:
    25.0279999     0.0000000     0.0000000
     0.0000000    25.0279999     0.0000000
     0.0000000     0.0000000    25.0279999
----------------------------------------
Inverse Box:
     0.0399553     0.0000000     0.0000000
     0.0000000     0.0399553     0.0000000
     0.0000000     0.0000000     0.0399553
----------------------------------------
[loops] Connectivity between nodes [Degree]:
442222442222442222442222442222442222442222442222442222442222442222442222442222442222442222442222442222442222442222442222442222442222442222442222442222442222442222442222442222442222442222442222442222442222442222442222442222442222442222442222442222442222442222442222442222442222442222442222442222442222442222442222442222442222442222442222442222442222442222442222442222442222442222442222442222442222442222442222442222442222442222442222442222442222442222442222442222442222442222442222442222442222442222442222442222442222442222442222442222442222442222442222442222442222442222442222
Repulsive substitution with cost-function:
cost = 1/(s - p0),  p0 = 3.40 10^-10 m, if s >= p0
cost =   10000000.000 if s <  p0
     Crystalographic positions                  Cost     Label
      0.124570       0.714910       0.802910        0.00000
      0.124570       0.035090       0.947090            NaN  49 Al
      0.625430       0.214910       0.447090        0.27994 355 Al
      0.624570       0.714910       0.302910        0.19995 493 Al
      0.124570       0.214910       0.302910        0.18921  61 Al
      0.624570       0.535090       0.947090        0.20864 481 Al
      0.625430       0.035090       0.802910        0.21496 343 Al
      0.125430       0.714910       0.447090        0.21376 211 Al
      0.197090       0.375430       0.785090        0.21188 517 Al
      0.874570       0.464910       0.197090        0.23213 271 Al
      0.374570       0.964910       0.197090        0.23758 415 Al
      0.875430       0.464910       0.552910        0.24100 265 Al
      0.875430       0.964910       0.052910        0.24013 121 Al
      0.375430       0.964910       0.552910        0.23972 409 Al
      0.375430       0.464910       0.052910        0.23779 553 Al
      0.874570       0.964910       0.697090   625000.25000 127 Al
      0.463290       0.373090       0.696480   588235.56250 566 Al
      0.373090       0.696480       0.463290   555555.81250 398 Al
      0.873090       0.696480       0.963290   526316.06250 110 Al
      0.876910       0.196480       0.286710   500000.21875 248 Al
      0.373090       0.196480       0.963290   476190.68750 542 Al
      0.123090       0.446480       0.536710   454545.71875 170 Al
      0.623090       0.946480       0.536710   434782.84375 314 Al
      0.626910       0.803520       0.036710   416666.87500 470 Al
      0.126910       0.946480       0.213290   400000.21875  44 Al
      0.626910       0.446480       0.213290   384615.59375 476 Al
      0.126910       0.303520       0.036710   370370.59375  38 Al
      0.803520       0.213290       0.623090   357143.09375 296 Al
      0.946480       0.713290       0.626910   344827.84375 164 Al
      0.373090       0.553520       0.786710   333333.59375 548 Al
      0.446480       0.713290       0.126910   322580.90625 452 Al
      0.447090       0.125430       0.714910   312500.21875 307 Al
      0.285090       0.052910       0.374570   303030.53125 403 Al
      0.964910       0.552910       0.375430   294117.87500 241 Al
      0.553520       0.286710       0.873090   285714.50000 524 Al
      0.214910       0.802910       0.624570   277778.00000 181 Al
      0.947090       0.124570       0.035090   270270.50000   1 Al
      0.696480       0.463290       0.373090   263158.12500 230 Al
      0.697090       0.875430       0.785090   256410.48438  85 Al
      0.553520       0.963290       0.376910   250000.23438 362 Al
      0.052910       0.875430       0.964910   243902.67188  73 Al
      0.303520       0.213290       0.123090   238095.46875   8 Al
      0.803520       0.713290       0.123090   232558.40625 440 Al
      0.303520       0.536710       0.626910   227272.96875 158 Al
      0.052910       0.374570       0.285090   222222.45312 235 Al
      0.873090       0.196480       0.463290   217391.53125 254 Al
      0.376910       0.696480       0.286710   212766.17188 392 Al
      0.125430       0.535090       0.802910   208333.54688 199 Al
      0.785090       0.052910       0.874570   204081.85938 115 Al
      0.876910       0.696480       0.786710   200000.23438 104 Al
      0.623090       0.303520       0.713290   196078.67188 320 Al
      0.447090       0.124570       0.535090   192307.92188 289 Al
      0.197090       0.874570       0.464910   188679.48438 367 Al
      0.052910       0.874570       0.785090   185185.42188  91 Al
      0.964910       0.052910       0.875430   181818.42188  97 Al
      0.626910       0.303520       0.536710   178571.65625 326 Al
      0.623090       0.446480       0.036710   181932.31250 458 Al
      0.036710       0.126910       0.303520   184945.32812  62 Al
      0.213290       0.126910       0.946480   187640.46875  68 Al
      0.553520       0.786710       0.373090   190044.92188 380 Al
      0.213290       0.626910       0.446480   192183.12500 212 Al
      0.303520       0.036710       0.126910   194077.31250  14 Al
      0.536710       0.623090       0.946480   195747.70312 482 Al
      0.713290       0.126910       0.446480   197212.70312 356 Al
      0.713290       0.623090       0.303520   198489.09375 488 Al
      0.946480       0.536710       0.623090   199592.15625 146 Al
      0.786710       0.376910       0.196480   200535.85938 272 Al
      0.463290       0.873090       0.196480   201332.98438 422 Al
      0.786710       0.873090       0.053520   201995.21875 140 Al
      0.463290       0.876910       0.553520   202533.26562 410 Al
      0.713290       0.626910       0.946480   202956.95312 500 Al
      0.696480       0.286710       0.376910   203275.28125 224 Al
      0.963290       0.376910       0.553520   203496.54688 266 Al
      0.803520       0.036710       0.626910   203628.37500 302 Al
      0.446480       0.536710       0.123090   203677.71875 434 Al
      0.035090       0.947090       0.124570   203651.09375  25 Al
      0.196480       0.286710       0.876910   203554.42188 512 Al
      0.035090       0.302910       0.125430   203393.18750  31 Al
      0.376910       0.553520       0.963290   203172.43750 530 Al
      0.197090       0.875430       0.285090   202896.87500 373 Al
      0.035090       0.802910       0.625430   202570.81250 175 Al
      0.803520       0.536710       0.126910   202198.21875 446 Al
      0.375430       0.285090       0.697090   201782.84375 565 Al
      0.623090       0.803520       0.213290   201328.06250 464 Al
      0.786710       0.373090       0.553520   200837.06250 284 Al
      0.536710       0.626910       0.303520   200312.78125 494 Al
==============================================
MonteCarlo: Metropolis with identity changes
Si > Al, Al > Si. STOP when occurrence <    0.00000
==============================================
Cost_function     Occurrence %     Scan-Cost
    49247.6055        0.000151  49246.964844
    30095.7637        0.000069  30094.986328
    19151.8535        0.000090  19150.953125
    16415.8750        0.000042  16415.492188
    13679.8975        0.000012  13679.849609
    13679.8975        0.000012  13679.059570
    13679.8975        0.000009  13679.326172
    13679.8975        0.000027  13679.128906
     5472.0166        0.000048   5472.006836
     5471.9922        0.000024   5471.080078
     5471.9922        0.000021   5471.824219
        0.1665        0.000030      0.050577
        0.1664        0.000006     -0.784503
        0.1664        0.000000     -0.221994
        0.1664        0.000009     -0.165349
        0.1664        0.000006     -0.606194
        0.1664        0.000000     -0.286548
        0.1664        0.000000     -0.315476
        0.1661        0.000003     -0.236760
        0.1661        0.000000     -0.825437
        0.1661        0.000000     -0.000359
        0.1661        0.000000     -0.663954
        0.1661        0.000000      0.121053
        0.1661        0.000000     -0.700358
        0.1661        0.000000      0.080591
        0.1661        0.000000     -0.459479
        0.1661        0.000000     -0.766564
        0.1661        0.000000     -0.525755
        0.1661        0.000000      0.039310
        0.1661        0.000000     -0.126389
        0.1661        0.000000     -0.339543
        0.1661        0.000000     -0.263077
        0.1661        0.000000     -0.334708
        0.1661        0.000000      0.007402
        0.1661        0.000000     -0.456976
        0.1661        0.000000     -0.399118
        0.1661        0.000000     -0.019750
        0.1661        0.000000     -0.457533
        0.1661        0.000000     -0.818612
        0.1661        0.000000     -0.185009
        0.1661        0.000000     -0.442420
        0.1661        0.000000     -0.826543
        0.1661        0.000000     -0.270373
        0.1661        0.000000     -0.301095
        0.1661        0.000000     -0.030148
        0.1661        0.000000     -0.454188
        0.1661        0.000000     -0.242610
        0.1661        0.000000     -0.243237
        0.1661        0.000000      0.055418
        0.1661        0.000000     -0.346642
        0.1661        0.000000     -0.452421
==============================================
geometrical properties of  86 Al:
 distancia media y dispersion
   12.1288376       3.50249720    
 distancia minima media y dispersion
   4.38691616       1.91366393E-02
 STOP   12.1288376       4.38691616      0.166133344    
