Random Seed:  1160826306
Number of atoms:   576
Space Group:    1
Cell:
    25.0279999    25.0279999    25.0279999    90.0000000    90.0000000    90.0000000
Box:
    25.0279999     0.0000000     0.0000000
     0.0000000    25.0279999     0.0000000
     0.0000000     0.0000000    25.0279999
----------------------------------------
Inverse Box:
     0.0399553     0.0000000     0.0000000
     0.0000000     0.0399553     0.0000000
     0.0000000     0.0000000     0.0399553
----------------------------------------
[loops] Connectivity between nodes [Degree]:
442222442222442222442222442222442222442222442222442222442222442222442222442222442222442222442222442222442222442222442222442222442222442222442222442222442222442222442222442222442222442222442222442222442222442222442222442222442222442222442222442222442222442222442222442222442222442222442222442222442222442222442222442222442222442222442222442222442222442222442222442222442222442222442222442222442222442222442222442222442222442222442222442222442222442222442222442222442222442222442222442222442222442222442222442222442222442222442222442222442222442222442222442222442222442222442222
Repulsive substitution with cost-function:
cost = 1/(s - p0),  p0 = 3.40 10^-10 m, if s >= p0
cost =   10000000.000 if s <  p0
     Crystalographic positions                  Cost     Label
      0.697090       0.375430       0.285090        0.00000
      0.303520       0.213290       0.123090            NaN   8 Al
      0.214910       0.802910       0.624570        0.50407 181 Al
      0.697090       0.875430       0.785090        0.39526  85 Al
      0.197090       0.375430       0.785090        0.34649 517 Al
      0.552910       0.874570       0.285090        0.35562 379 Al
      0.714910       0.302910       0.624570        0.33277 325 Al
      0.035090       0.947090       0.124570        0.31740  25 Al
      0.053520       0.463290       0.376910        0.30667 218 Al
      0.624570       0.535090       0.947090        0.30405 481 Al
      0.446480       0.036710       0.623090        0.30306 290 Al
      0.964910       0.697090       0.874570        0.29828 103 Al
      0.447090       0.625430       0.214910        0.29500 451 Al
      0.946480       0.213290       0.126910        0.29873  20 Al
      0.196480       0.963290       0.373090        0.29905 374 Al
      0.463290       0.373090       0.696480        0.29593 566 Al
      0.873090       0.053520       0.786710        0.29608 116 Al
      0.946480       0.536710       0.623090        0.29250 146 Al
      0.803520       0.713290       0.123090        0.28941 440 Al
      0.713290       0.126910       0.446480        0.28631 356 Al
      0.376910       0.553520       0.963290        0.28380 530 Al
      0.373090       0.696480       0.463290        0.29904 398 Al
      0.464910       0.197090       0.874570        0.29696 535 Al
      0.964910       0.197090       0.374570        0.30030 247 Al
      0.124570       0.035090       0.947090        0.29885  49 Al
      0.785090       0.552910       0.374570        0.29925 259 Al
      0.374570       0.964910       0.197090        0.29696 415 Al
      0.213290       0.623090       0.803520        0.29668 200 Al
      0.963290       0.873090       0.696480        0.29792 134 Al
      0.626910       0.803520       0.036710        0.29561 470 Al
      0.125430       0.714910       0.447090        0.29439 211 Al
      0.126910       0.303520       0.036710        0.29329  38 Al
      0.623090       0.946480       0.536710        0.32009 314 Al
      0.463290       0.376910       0.053520        0.31725 554 Al
      0.874570       0.464910       0.197090        0.34075 271 Al
      0.303520       0.536710       0.626910        0.33942 158 Al
      0.464910       0.052910       0.375430        0.33798 385 Al
      0.713290       0.123090       0.803520        0.33636 344 Al
      0.875430       0.964910       0.052910        0.33461 121 Al
      0.963290       0.376910       0.553520        0.33288 266 Al
      0.124570       0.214910       0.302910        0.33112  61 Al
      0.785090       0.697090       0.875430        0.33219 109 Al
      0.285090       0.197090       0.875430        0.33051 541 Al
      0.624570       0.714910       0.302910        0.33492 493 Al
      0.446480       0.213290       0.626910        0.33351 308 Al
      0.946480       0.713290       0.626910        0.33292 164 Al
      0.375430       0.785090       0.197090        0.33161 421 Al
      0.803520       0.036710       0.626910        0.33131 302 Al
      0.714910       0.447090       0.125430        0.32977 475 Al
      0.214910       0.947090       0.125430        0.32953  43 Al
      0.697090       0.374570       0.464910        0.32933 223 Al
      0.463290       0.876910       0.553520        0.32826 410 Al
      0.123090       0.446480       0.536710        0.32686 170 Al
      0.052910       0.875430       0.964910        0.32624  73 Al
      0.286710       0.373090       0.053520        0.32547 572 Al
      0.373090       0.553520       0.786710   535714.43750 548 Al
      0.625430       0.535090       0.302910   526315.87500 487 Al
      0.696480       0.963290       0.873090   517241.59375  86 Al
      0.302910       0.125430       0.035090   514524.25000   7 Al
      0.303520       0.713290       0.623090   511689.18750 152 Al
      0.123090       0.803520       0.713290   508752.50000 176 Al
      0.964910       0.552910       0.375430   505728.96875 241 Al
      0.302910       0.124570       0.214910   502631.56250  13 Al
      0.126910       0.446480       0.713290   499471.96875 188 Al
      0.553520       0.463290       0.876910   496260.68750 506 Al
      0.786710       0.876910       0.696480   493007.00000 128 Al
      0.036710       0.626910       0.803520   489719.25000 206 Al
      0.052910       0.374570       0.285090   486404.90625 235 Al
      0.803520       0.213290       0.623090   483070.56250 296 Al
      0.623090       0.303520       0.713290   479722.34375 320 Al
      0.286710       0.873090       0.553520   476365.46875 428 Al
      0.196480       0.463290       0.873090   473004.71875 518 Al
      0.947090       0.124570       0.035090   469644.31250   1 Al
      0.125430       0.035090       0.302910   466288.25000  55 Al
      0.874570       0.785090       0.052910   462939.65625 139 Al
      0.876910       0.196480       0.286710   459601.75000 248 Al
      0.536710       0.623090       0.946480   456277.06250 482 Al
      0.964910       0.052910       0.875430   452968.06250  97 Al
      0.213290       0.626910       0.446480   449676.93750 212 Al
      0.626910       0.946480       0.713290   446405.37500 332 Al
      0.536710       0.123090       0.446480   443155.18750 338 Al
      0.536710       0.126910       0.803520   439927.75000 350 Al
      0.197090       0.875430       0.285090   436724.34375 373 Al
      0.873090       0.196480       0.463290   433546.06250 254 Al
      0.446480       0.536710       0.123090   430393.84375 434 Al
      0.464910       0.697090       0.374570   427268.59375 391 Al
==============================================
MonteCarlo: Metropolis with identity changes
Si > Al, Al > Si. STOP when occurrence <    0.00000
==============================================
Cost_function     Occurrence %     Scan-Cost
    51983.5859        0.000121  51982.847656
    41039.6875        0.000048  41039.421875
    38303.6953        0.000021  38303.097656
    35567.7188        0.000039  35567.222656
    32831.7422        0.000060  32831.167969
    32831.7422        0.000042  32830.894531
    30095.7637        0.000045  30094.888672
    21887.8301        0.000027  21887.484375
    16415.9316        0.000015  16415.822266
    16415.9160        0.000009  16415.244141
    16415.9160        0.000009  16415.287109
    16415.9160        0.000012  16415.431641
    16415.9141        0.000003  16415.615234
    16415.9141        0.000000  16415.626953
    16415.9141        0.000003  16414.998047
    16415.9141        0.000009  16415.349609
    16415.9082        0.000009  16415.605469
    16415.9082        0.000012  16415.507812
    16415.9082        0.000021  16415.654297
    13679.9385        0.000012  13679.307617
    10943.9658        0.000012  10943.073242
    10943.9619        0.000018  10943.515625
    10943.9600        0.000009  10943.051758
    10943.9600        0.000003  10943.096680
    10943.9580        0.000012  10943.521484
    10943.9580        0.000021  10943.677734
     8208.0039        0.000006   8207.302734
     8208.0039        0.000003   8207.567383
     8207.9893        0.000009   8207.603516
     8207.9893        0.000000   8207.883789
     8207.9834        0.000006   8207.475586
     8207.9834        0.000006   8207.510742
     8207.9834        0.000000   8207.534180
     8207.9805        0.000009   8207.649414
     5472.0044        0.000009   5471.542480
     5472.0044        0.000000   5471.628418
     5472.0044        0.000000   5471.016113
     5472.0044        0.000000   5471.376953
     5472.0044        0.000000   5471.180176
     5472.0044        0.000003   5471.321289
     5472.0044        0.000003   5471.201172
     5472.0044        0.000000   5471.911621
     5472.0044        0.000003   5471.986328
     5472.0044        0.000000   5471.164551
     5472.0044        0.000000   5471.523438
     5472.0044        0.000000   5471.884766
     5472.0044        0.000003   5471.939941
     5472.0044        0.000000   5471.699219
     5472.0044        0.000000   5471.192871
     5472.0044        0.000003   5471.829590
     5472.0044        0.000000   5471.679199
==============================================
geometrical properties of  86 Al:
 distancia media y dispersion
   12.1247082       3.49771476    
 distancia minima media y dispersion
   4.35902548      0.279187590    
 STOP   12.1247082       4.35902548       5472.00439    
